"19970526" 365 -99.9 999 -99.9 999 9999.9 999 999.9 999 999.9  999 999.9 999 9999.9 9999.9 26/05/1997"
""
" This file is SPACE DELIMITED for easy import into both spreadsheets and programs."
"The first line 19970526 contains dummy data and is provided to allow spreadsheets to sense the columns"
" To read into a spreadsheet select DELIMITED and SPACE."
" "
" "
"=========  The following essential information and notes should be kept in the data file =========="
" "
"The Data Drill system and data are copyright to the Queensland Government Department of Environment and Science"
"SILO data, with the exception of Patched Point data for Queensland, are supplied to the licencee only and may not be given, lent, or sold to any other party"
" "
"Notes:"
" * Data Drill for Lat, Long: -33.71 138.03 (DECIMAL DEGREES), 33 42'S 138 02'E "
" * Elevation: 84 m "
" * Extracted from SILO on 20210504 "
" * Please read the documentation on the Data Drill at http://www.longpaddock.qld.gov.au/silo"
" "
" * As evaporation is read at 9am, it has been shifted to the day before"
"    ie The evaporation measured on 20 April is in row for 19 April"
" * The 6 Source columns Smx, Smn, Srn, Sev, Ssl, Svp indicate the source of the data to their left, namely Max temp, Min temp, Rainfall, Evaporation, Radiation and Vapour Pressure respectively"
"   25 = interpolated daily observations,     75 = interpolated long term average"
" "
" * Relative Humidity has been calculated using 9am VP, T.Max and T.Min"
"   RHmaxT is estimated Relative Humidity at Temperature T.Max"
"   RHminT is estimated Relative Humidity at Temperature T.Min"
" * The accuracy of the data depends on many factors including date, location, and variable."
"   For consistency data is supplied using one decimal place, however it is not accurate to that precision."
"   Further information is available from http://www.longpaddock.qld.gov.au/silo"
"===================================================================================================="
" "
Date       Day T.Max Smx T.Min Smn Rain   Srn  Evap Sev Radn   Ssl VP    Svp RHmaxT RHminT Date2
(yyyymmdd)  ()  (oC)  ()  (oC)  ()   (mm)  ()  (mm)  () (MJ/m2) () (hPa)  ()   (%)    (%)  (ddmmyyyy)
20161101   306  20.1  25   5.3  25    0.0  25   5.3  25  23.0   25  11.0  25   46.8  100.0  1/11/2016
20161102   307  21.3  25   6.2  25    0.1  25   5.3  25  22.4   25  10.2  25   40.3  100.0  2/11/2016
20161103   308  27.2  25   4.9  25    0.0  25   7.0  25  29.2   25  10.9  25   30.2  100.0  3/11/2016
20161104   309  32.1  25   5.9  25    0.0  25   8.6  25  28.9   25  13.1  25   27.4  100.0  4/11/2016
20161105   310  22.2  25   6.3  25    0.0  25   5.6  25  29.8   25  10.0  25   37.4  100.0  5/11/2016
20161106   311  28.1  25   5.3  25    0.0  25   7.5  25  30.2   25  12.2  25   32.1  100.0  6/11/2016
20161107   312  29.4  25  12.1  25    0.0  25   7.6  25  20.0   25   5.7  25   13.9   40.4  7/11/2016
20161108   313  20.5  25   9.0  25    0.0  25   8.7  25  22.9   25   9.2  25   38.2   80.2  8/11/2016
20161109   314  25.5  25   4.8  25    0.0  25   7.3  25  26.5   25  10.2  25   31.3  100.0  9/11/2016
20161110   315  25.2  25   8.9  25    0.0  25   5.7  25  20.9   25  10.9  25   34.0   95.7 10/11/2016
20161111   316  37.3  25  13.1  25    0.0  25  11.5  25  27.3   25  11.8  25   18.5   78.3 11/11/2016
20161112   317  24.0  25  14.0  25    0.4  25   9.7  25  19.1   25  12.4  25   41.6   77.6 12/11/2016
20161113   318  19.0  25  11.3  25    5.1  25   7.0  25  15.9   25  12.0  25   54.6   89.7 13/11/2016
20161114   319  19.6  25  11.1  25    0.0  25   4.8  25  15.8   25   9.7  25   42.5   73.5 14/11/2016
20161115   320  22.7  25   8.4  25    0.0  25   7.2  25  19.4   25  10.3  25   37.3   93.5 15/11/2016
20161116   321  31.7  25   7.0  25    0.0  25   9.0  25  31.2   25  11.9  25   25.5  100.0 16/11/2016
20161117   322  36.4  25  12.0  25    0.0  25  10.9  25  22.9   25   7.9  25   13.0   56.4 17/11/2016
20161118   323  26.6  25  14.8  25    0.0  25  15.6  25  10.9   25  15.5  25   44.5   92.1 18/11/2016
20161119   324  33.0  25  12.4  25    0.0  25  10.1  25  26.9   25  10.7  25   21.3   74.4 19/11/2016
20161120   325  37.9  25  13.6  25    0.0  25   6.2  25  29.0   25  12.8  25   19.4   82.2 20/11/2016
20161121   326  35.8  25  17.0  25    0.0  25   8.0  25  23.2   25  14.6  25   24.8   75.4 21/11/2016
20161122   327  16.7  25  13.6  25    0.2  25   4.3  25   9.4   25  14.6  25   76.8   93.8 22/11/2016
20161123   328  21.2  25   7.1  25    3.7  25   8.7  25  30.6   25  11.2  25   44.5  100.0 23/11/2016
20161124   329  22.6  25   6.0  25    0.0  25   7.7  25  27.4   25   9.9  25   36.1  100.0 24/11/2016
20161125   330  24.1  25   6.1  25    0.0  25   8.3  25  28.1   25  10.8  25   36.0  100.0 25/11/2016
20161126   331  27.0  25   6.4  25    0.0  25   9.2  25  31.9   25  10.6  25   29.7  100.0 26/11/2016
20161127   332  30.9  25   7.1  25    0.0  25   8.6  25  31.9   25  10.5  25   23.5  100.0 27/11/2016
20161128   333  32.0  25   8.9  25    0.0  25   8.6  25  31.0   25   9.3  25   19.6   81.6 28/11/2016
20161129   334  31.6  25   8.5  25    0.0  25   9.9  25  31.4   25  10.9  25   23.4   98.3 29/11/2016
20161130   335  24.6  25  11.6  25    4.7  25   8.2  25  24.3   25  15.1  25   48.8  100.0 30/11/2016
20161201   336  28.8  25   6.4  25    0.0  25   7.8  25  26.8   25  11.4  25   28.8  100.0  1/12/2016
20161202   337  26.5  25  11.2  25    0.0  25   6.1  25  27.6   25  12.5  25   36.1   94.0  2/12/2016
20161203   338  34.9  25  11.5  25    0.0  25   8.4  25  28.3   25   9.3  25   16.6   68.6  3/12/2016
20161204   339  31.9  25  17.2  25    1.8  25   4.6  25  16.3   25  20.1  25   42.5  100.0  4/12/2016
20161205   340  23.2  25  13.0  25    0.9  25   5.3  25  19.3   25  12.8  25   45.0   85.5  5/12/2016
20161206   341  25.3  25  11.7  25    0.0  25   7.4  25  23.8   25  12.6  25   39.1   91.7  6/12/2016
20161207   342  34.2  25   9.9  25    0.0  25   9.5  25  25.3   25  13.2  25   24.5  100.0  7/12/2016
20161208   343  22.1  25  13.7  25    8.5  25   9.0  25  27.8   25  11.1  25   41.7   70.9  8/12/2016
20161209   344  22.5  25   7.8  25    0.0  25   7.5  25  28.2   25   9.3  25   34.1   87.9  9/12/2016
20161210   345  28.9  25   6.9  25    0.0  25   9.3  25  32.4   25  10.2  25   25.6  100.0 10/12/2016
20161211   346  33.1  25  10.7  25    0.0  25   8.3  25  30.9   25  10.7  25   21.2   83.2 11/12/2016
20161212   347  37.7  25  13.2  25    0.0  25  15.2  25  32.2   25   7.2  25   11.0   47.5 12/12/2016
20161213   348  39.0  25  17.2  25    0.0  25  10.2  25  21.6   25  11.1  25   15.9   56.6 13/12/2016
20161214   349  18.1  25  15.9  25    2.1  25   6.4  25  12.5   25  17.2  25   82.9   95.3 14/12/2016
20161215   350  23.5  25  11.8  25    4.3  25   5.6  25  19.4   25  11.7  25   40.4   84.6 15/12/2016
20161216   351  29.3  25   6.8  25    0.2  25  10.0  25  30.7   25  10.1  25   24.8  100.0 16/12/2016
20161217   352  23.5  25  10.4  25    0.0  25   7.8  25  29.3   25  13.2  25   45.6  100.0 17/12/2016
20161218   353  29.0  25   8.0  25    0.0  25   8.7  25  31.8   25   7.8  25   19.5   72.8 18/12/2016
20161219   354  37.4  25  14.0  25    0.0  25  12.9  25  29.0   25   7.6  25   11.8   47.6 19/12/2016
20161220   355  25.1  25  14.4  25    0.3  25   9.5  25  29.4   25  11.8  25   37.0   72.0 20/12/2016
20161221   356  27.3  25   9.4  25    0.0  25   7.3  25  31.5   25  12.5  25   34.5  100.0 21/12/2016
20161222   357  35.3  25  13.4  25    0.0  25  13.2  25  30.8   25  11.7  25   20.5   76.2 22/12/2016
20161223   358  39.4  25  18.9  25    0.0  25   9.2  25  21.1   25   9.8  25   13.7   44.9 23/12/2016
20161224   359  37.9  25  15.1  25    0.0  25  11.2  25  30.0   25  16.9  25   25.6   98.5 24/12/2016
20161225   360  42.1  25  15.4  25    0.0  25  14.4  25  26.9   25   9.2  25   11.2   52.6 25/12/2016
20161226   361  26.0  25  21.2  25    0.6  25   4.7  25  14.6   25  18.5  25   55.1   73.5 26/12/2016
20161227   362  33.2  25  20.7  25   12.7  25   4.0  25  11.5   25  22.4  25   44.0   91.8 27/12/2016
20161228   363  34.8  25  22.0  25   47.5  25   7.9  25  19.0   25  28.9  25   52.0  100.0 28/12/2016
20161229   364  32.5  25  17.2  25    0.0  25   8.7  25  28.7   25  14.7  25   30.1   75.0 29/12/2016
20161230   365  26.5  25  15.3  25    0.0  25   7.0  25  16.8   25  15.8  25   45.6   90.9 30/12/2016
20161231   366  27.4  25  15.0  25    0.0  25   6.9  25  24.6   25  16.0  25   43.8   93.9 31/12/2016
20170101     1  26.3  25  13.4  25    0.0  25  10.2  25  22.1   25  16.8  25   49.1  100.0  1/01/2017
20170102     2  27.7  25  12.4  25    0.0  25   7.8  25  27.8   25  13.0  25   35.0   90.3  2/01/2017
20170103     3  30.8  25  12.4  25    0.0  25   9.0  25  29.4   25  12.7  25   28.6   88.3  3/01/2017
20170104     4  35.0  25  15.0  25    0.0  25  10.8  25  29.9   25  14.5  25   25.8   85.1  4/01/2017
20170105     5  36.7  25  17.5  25    0.0  25  11.5  25  29.2   25  17.7  25   28.7   88.6  5/01/2017
20170106     6  41.0  25  19.1  25    0.0  25  12.9  25  31.6   25  15.0  25   19.3   67.9  6/01/2017
20170107     7  41.9  25  25.5  25    0.0  25  11.1  25  20.5   25  12.5  25   15.3   38.3  7/01/2017
20170108     8  30.4  25  20.0  25    0.1  25   8.3  25  19.2   25  19.4  25   44.7   83.0  8/01/2017
20170109     9  27.3  25  19.2  25    3.0  25   3.1  25  12.6   25  21.4  25   59.0   96.2  9/01/2017
20170110    10  30.0  25  18.1  25   14.8  25   8.3  25  25.4   25  21.4  25   50.4  100.0 10/01/2017
20170111    11  28.4  25  13.7  25    0.0  25   7.7  25  28.4   25  16.3  25   42.1  100.0 11/01/2017
20170112    12  37.7  25  14.5  25    0.0  25   9.7  25  25.6   25  14.0  25   21.5   84.8 12/01/2017
20170113    13  24.1  25  21.5  25    4.0  25   6.7  25  16.9   25  25.4  25   84.6   99.1 13/01/2017
20170114    14  24.8  25  14.7  25    7.4  25   5.7  25  25.3   25  13.4  25   42.8   80.2 14/01/2017
20170115    15  28.7  25  12.5  25    0.0  25   6.7  25  29.5   25  13.5  25   34.3   93.2 15/01/2017
20170116    16  36.8  25  12.3  25    0.0  25   9.3  25  31.4   25  13.9  25   22.4   97.2 16/01/2017
20170117    17  41.1  25  14.5  25    0.0  25  14.0  25  30.7   25  12.0  25   15.3   72.7 17/01/2017
20170118    18  32.7  25  16.1  25    0.0  25  13.5  25  23.4   25  17.0  25   34.4   93.0 18/01/2017
20170119    19  40.0  25  16.7  25    0.0  25  12.1  25  25.8   25  11.9  25   16.1   62.6 19/01/2017
20170120    20  24.6  25  18.1  25    7.3  25   5.8  25  22.2   25  19.7  25   63.7   94.9 20/01/2017
20170121    21  30.6  25  10.7  25    0.0  25   7.5  25  30.6   25  13.2  25   30.1  100.0 21/01/2017
20170122    22  34.6  25  13.9  25    0.0  25   9.2  25  23.3   25  12.9  25   23.5   81.3 22/01/2017
20170123    23  34.5  25  20.5  25    0.0  25   5.7  25  10.0   25  19.6  25   35.8   81.3 23/01/2017
20170124    24  25.9  25  16.8  25    8.8  25   7.4  25  26.0   25  16.2  25   48.5   84.7 24/01/2017
20170125    25  29.3  25  10.4  25    0.0  25   8.4  25  27.9   25  12.5  25   30.7   99.2 25/01/2017
20170126    26  29.3  25   9.5  25    0.0  25   8.4  25  31.3   25  13.0  25   31.9  100.0 26/01/2017
20170127    27  34.3  25  14.5  25    0.0  25   9.6  25  30.3   25  14.9  25   27.5   90.3 27/01/2017
20170128    28  36.3  25  13.2  25    0.0  25   9.9  25  30.8   25  18.9  25   31.3  100.0 28/01/2017
20170129    29  40.6  25  14.9  25    0.0  25  10.7  25  29.9   25  16.1  25   21.1   95.1 29/01/2017
20170130    30  31.8  25  22.4  25    0.0  25   8.3  25  14.3   25  17.7  25   37.6   65.4 30/01/2017
20170131    31  26.5  25  18.2  25    0.0  25   9.0  25  15.2   25  15.1  25   43.6   72.3 31/01/2017
20170201    32  29.9  25  14.7  25    0.0  25   8.3  25  14.3   25  12.7  25   30.1   76.0  1/02/2017
20170202    33  27.2  25  14.1  25    0.0  25   7.1  25  20.3   25  13.9  25   38.5   86.4  2/02/2017
20170203    34  32.6  25  11.3  25    0.0  25   7.5  25  28.0   25  14.8  25   30.1  100.0  3/02/2017
20170204    35  31.2  25  17.3  25    0.0  25   5.2  25  15.9   25  14.9  25   32.8   75.5  4/02/2017
20170205    36  26.6  25  20.6  25    4.6  25   5.2  25  11.4   25  24.9  25   71.5  100.0  5/02/2017
20170206    37  20.2  25  19.1  25   22.7  25   4.4  25   8.2   25  21.7  25   91.7   98.2  6/02/2017
20170207    38  34.1  25  15.5  25    6.5  25   7.8  25  28.2   25  17.8  25   33.3  100.0  7/02/2017
20170208    39  44.2  25  19.6  25    0.0  25  10.7  25  28.7   25  20.4  25   22.2   89.5  8/02/2017
20170209    40  44.5  25  22.9  25    0.0  25  10.8  25  28.9   25  20.1  25   21.5   72.0  9/02/2017
20170210    41  41.3  25  20.3  25    0.0  25   6.9  25  26.2   25  24.0  25   30.4  100.0 10/02/2017
20170211    42  35.2  25  21.4  25    0.0  25   9.3  25  25.6   25  24.3  25   42.7   95.4 11/02/2017
20170212    43  24.6  25  17.3  25    0.0  25   8.2  25  19.0   25  13.3  25   43.0   67.4 12/02/2017
20170213    44  25.0  25  12.5  25    0.0  25   6.5  25  20.7   25  12.4  25   39.2   85.6 13/02/2017
20170214    45  31.1  25  12.2  25    0.0  25   8.3  25  26.9   25  14.1  25   31.2   99.3 14/02/2017
20170215    46  34.9  25  15.2  25    0.0  25   8.6  25  23.3   25  12.3  25   22.0   71.3 15/02/2017
20170216    47  29.7  25  15.2  25    0.0  25   8.3  25  20.5   25  19.2  25   46.0  100.0 16/02/2017
20170217    48  25.3  25  11.6  25    0.0  25   7.8  25  14.2   25  13.5  25   41.9   98.9 17/02/2017
20170218    49  22.3  25  12.9  25    0.0  25   7.1  25  21.7   25  11.3  25   42.0   76.0 18/02/2017
20170219    50  22.9  25  10.7  25    0.0  25   6.0  25  12.2   25  11.4  25   40.8   88.7 19/02/2017
20170220    51  24.1  25   9.1  25    0.0  25   6.6  25  22.7   25  13.4  25   44.7  100.0 20/02/2017
20170221    52  32.1  25  10.5  25    0.0  25   9.2  25  27.9   25  10.2  25   21.3   80.4 21/02/2017
20170222    53  30.6  25  18.1  25    0.0  25  11.0  25  26.7   25   8.4  25   19.1   40.5 22/02/2017
20170223    54  26.9  25  11.9  25    0.0  25   7.1  25  24.7   25  15.3  25   43.2  100.0 23/02/2017
20170224    55  26.4  25  10.2  25    0.0  25   8.7  25  22.0   25  13.3  25   38.7  100.0 24/02/2017
20170225    56  27.4  25  10.2  25    0.0  25   8.1  25  24.6   25  11.7  25   32.1   94.1 25/02/2017
20170226    57  29.9  25  12.1  25    0.0  25   8.4  25  26.8   25  10.3  25   24.4   73.0 26/02/2017
20170227    58  36.1  25  10.4  25    0.0  25   8.2  25  27.0   25  14.2  25   23.8  100.0 27/02/2017
20170228    59  37.7  25  16.9  25    0.0  25   8.0  25  22.9   25  13.4  25   20.6   69.6 28/02/2017
20170301    60  38.5  25  15.8  25    0.0  25   9.8  25  25.0   25  13.2  25   19.4   73.6  1/03/2017
20170302    61  34.0  25  16.5  25    0.0  25   9.5  25  24.0   25  21.2  25   39.9  100.0  2/03/2017
20170303    62  35.7  25  14.9  25    0.0  25   9.6  25  25.5   25  18.2  25   31.1  100.0  3/03/2017
20170304    63  34.5  25  15.1  25    0.0  25   8.4  25  25.0   25  16.0  25   29.3   93.3  4/03/2017
20170305    64  26.8  25  12.0  25    0.0  25   8.1  25  24.1   25  15.5  25   44.0  100.0  5/03/2017
20170306    65  28.8  25  13.5  25    0.0  25   8.6  25  20.6   25  16.1  25   40.7  100.0  6/03/2017
20170307    66  33.7  25  15.3  25    0.0  25   8.7  25  23.4   25  16.8  25   32.1   96.7  7/03/2017
20170308    67  35.3  25  14.5  25    1.6  25   8.7  25  24.2   25  18.7  25   32.7  100.0  8/03/2017
20170309    68  35.5  25  16.2  25    0.0  25   9.9  25  24.2   25  14.4  25   24.9   78.2  9/03/2017
20170310    69  36.0  25  13.8  25    0.0  25   9.6  25  22.9   25  18.0  25   30.3  100.0 10/03/2017
20170311    70  37.2  25  17.0  25    0.0  25   8.8  25  12.8   25   9.4  25   14.8   48.5 11/03/2017
20170312    71  25.1  25  15.6  25    0.0  25   6.7  25  14.2   25  14.9  25   46.8   84.1 12/03/2017
20170313    72  26.3  25  14.2  25    1.1  25   6.3  25  13.9   25  17.6  25   51.5  100.0 13/03/2017
20170314    73  32.6  25  12.1  25    0.0  25   9.0  25  23.5   25  17.1  25   34.8  100.0 14/03/2017
20170315    74  36.5  25  14.6  25    0.0  25   8.4  25  19.9   25  12.7  25   20.8   76.5 15/03/2017
20170316    75  24.8  25  15.9  25    0.0  25  10.9  25  21.5   25  13.3  25   42.5   73.7 16/03/2017
20170317    76  29.3  25  10.1  25    0.0  25   9.1  25  23.5   25  10.3  25   25.3   83.4 17/03/2017
20170318    77  34.7  25   6.7  25    0.0  25   6.4  25  23.4   25   9.8  25   17.7   99.9 18/03/2017
20170319    78  35.9  25  12.3  25    0.0  25   8.4  25  22.6   25  11.2  25   19.0   78.3 19/03/2017
20170320    79  35.9  25  18.9  25    0.0  25   8.4  25  17.2   25  14.1  25   23.9   64.6 20/03/2017
20170321    80  28.7  25  19.0  25    0.0  25   6.7  25  18.0   25  20.5  25   52.1   93.3 21/03/2017
20170322    81  27.5  25  16.9  25    0.0  25   5.9  25  10.7   25  18.3  25   49.9   95.1 22/03/2017
20170323    82  31.1  25  13.8  25    0.0  25   6.7  25  18.2   25  16.7  25   37.0  100.0 23/03/2017
20170324    83  34.5  25  14.7  25    0.0  25   7.2  25  17.6   25  18.4  25   33.6  100.0 24/03/2017
20170325    84  31.3  25  15.7  25    0.0  25   5.9  25  11.6   25  16.9  25   37.0   94.8 25/03/2017
20170326    85  39.9  25  18.2  25    0.0  25   9.1  25  14.0   25  18.3  25   24.9   87.6 26/03/2017
20170327    86  25.8  25  19.5  25    0.0  25   7.2  25  17.9   25  17.5  25   52.7   77.2 27/03/2017
20170328    87  25.9  25   8.8  25    0.0  25   6.6  25  18.6   25  12.6  25   37.7  100.0 28/03/2017
20170329    88  25.8  25   9.2  25    0.0  25   5.2  25  14.7   25  14.3  25   43.1  100.0 29/03/2017
20170330    89  21.2  25   7.1  25    0.0  25   4.9  25  11.7   25  10.6  25   42.1  100.0 30/03/2017
20170331    90  22.2  25   5.4  25    0.0  25   2.6  25  15.5   25  10.4  25   38.9  100.0 31/03/2017
20170401    91  22.5  25   6.8  25    0.2  25   4.5  25  15.9   25  11.6  25   42.6  100.0  1/04/2017
20170402    92  22.2  25   8.2  25    0.0  25   4.7  25  17.7   25   8.6  25   32.1   79.1  2/04/2017
20170403    93  22.8  25   7.2  25    0.0  25   5.1  25  19.6   25   9.5  25   34.2   93.6  3/04/2017
20170404    94  27.8  25   6.9  25    0.0  25   5.3  25  19.8   25  10.0  25   26.8  100.0  4/04/2017
20170405    95  28.7  25  10.1  25    0.0  25   6.2  25  18.5   25   9.8  25   24.9   79.3  5/04/2017
20170406    96  29.3  25   8.8  25    0.0  25   8.1  25  18.8   25   9.0  25   22.1   79.5  6/04/2017
20170407    97  30.4  25  12.5  25    0.0  25   5.6  25  18.6   25   8.0  25   18.4   55.2  7/04/2017
20170408    98  31.0  25  12.4  25    0.0  25   7.4  25  14.6   25   9.5  25   21.1   66.0  8/04/2017
20170409    99  19.5  25  11.6  25    2.6  25   5.5  25  14.6   25   9.7  25   42.8   71.1  9/04/2017
20170410   100  19.0  25  10.1  25    0.0  25   3.7  25  10.2   25  10.3  25   46.9   83.4 10/04/2017
20170411   101  23.1  25   6.7  25    0.0  25   4.1  25  16.2   25  11.1  25   39.3  100.0 11/04/2017
20170412   102  25.1  25   7.8  25    0.0  25   3.9  25  18.9   25  12.9  25   40.5  100.0 12/04/2017
20170413   103  27.4  25   6.9  25    0.0  25   4.3  25  18.5   25  11.8  25   32.3  100.0 13/04/2017
20170414   104  26.6  25   7.5  25    0.0  25   4.5  25  19.0   25  10.9  25   31.3  100.0 14/04/2017
20170415   105  28.1  25   8.7  25    0.0  25   4.8  25  14.3   25  11.1  25   29.2   98.7 15/04/2017
20170416   106  27.2  25  10.9  25    0.0  25   4.0  25  13.5   25  14.0  25   38.8  100.0 16/04/2017
20170417   107  29.8  25   9.5  25    0.0  25   4.5  25  15.7   25  10.5  25   25.0   88.5 17/04/2017
20170418   108  31.8  25  14.2  25    0.0  25   7.3  25  11.1   25   9.7  25   20.6   59.9 18/04/2017
20170419   109  32.1  25  19.7  25    0.0  25   4.6  25   7.7   25   8.8  25   18.4   38.4 19/04/2017
20170420   110  21.3  25  17.7  25    6.7  25   0.5  25   6.0   25  20.9  25   82.5  100.0 20/04/2017
20170421   111  23.7  25  17.0  25   22.0  25   3.1  25  13.6   25  18.4  25   62.8   95.0 21/04/2017
20170422   112  24.6  25  12.4  25    0.0  25   3.2  25   9.8   25  16.0  25   51.7  100.0 22/04/2017
20170423   113  23.0  25  14.8  25    0.0  25   2.6  25   6.7   25  16.8  25   59.8   99.9 23/04/2017
20170424   114  19.2  25  15.4  25    1.8  25   2.3  25   5.2   25  19.0  25   85.4  100.0 24/04/2017
20170425   115  21.5  25  13.1  25    8.1  25   3.6  25  12.1   25  16.6  25   64.8  100.0 25/04/2017
20170426   116  16.5  25   9.9  25    5.3  25   3.3  25  10.6   25  10.0  25   53.3   82.0 26/04/2017
20170427   117  18.2  25   5.3  25    0.0  25   2.3  25   7.9   25  10.3  25   49.3  100.0 27/04/2017
20170428   118  18.3  25   9.3  25    0.0  25   2.4  25   6.8   25  14.1  25   67.1  100.0 28/04/2017
20170429   119  17.9  25  11.1  25    2.9  25   2.9  25   6.2   25  14.0  25   68.3  100.0 29/04/2017
20170430   120  19.2  25  10.5  25    0.0  25   3.5  25   9.8   25  12.1  25   54.4   95.4 30/04/2017
20170501   121  20.5  25   9.5  25    0.0  25   3.1  25   5.2   25  14.1  25   58.5  100.0  1/05/2017
20170502   122  17.3  25  10.6  25    0.9  25   1.8  25  11.7   25  11.9  25   60.3   93.2  2/05/2017
20170503   123  18.5  25   4.3  25    0.0  25   2.4  25  10.8   25  11.1  25   52.1  100.0  3/05/2017
20170504   124  18.2  25   3.5  25    0.0  25   2.4  25  14.4   25  10.0  25   47.9  100.0  4/05/2017
20170505   125  19.7  25   3.7  25    0.0  25   3.0  25  12.8   25   8.9  25   38.8  100.0  5/05/2017
20170506   126  22.1  25   7.9  25    0.0  25   2.6  25  10.7   25   9.6  25   36.1   90.2  6/05/2017
20170507   127  17.7  25   7.1  25    0.0  25   2.3  25  10.5   25   8.5  25   42.0   84.3  7/05/2017
20170508   128  18.0  25   3.2  25    0.0  25   2.6  25  14.3   25   9.1  25   44.1  100.0  8/05/2017
20170509   129  20.1  25   1.9  25    0.0  25   2.4  25  14.7   25   9.8  25   41.7  100.0  9/05/2017
20170510   130  20.5  25   3.3  25    0.0  25   2.6  25  12.4   25  10.8  25   44.8  100.0 10/05/2017
20170511   131  20.7  25   4.9  25    0.0  25   1.9  25  10.3   25  10.0  25   41.0  100.0 11/05/2017
20170512   132  22.9  25   2.8  25    0.0  25   3.2  25  14.0   25   9.2  25   33.0  100.0 12/05/2017
20170513   133  22.4  25   4.5  25    0.0  25   2.5  25  11.5   25   9.1  25   33.6  100.0 13/05/2017
20170514   134  22.7  25   5.8  25    0.0  25   2.1  25  13.8   25  10.1  25   36.6  100.0 14/05/2017
20170515   135  24.1  25   5.6  25    0.0  25   3.5  25  11.3   25  10.1  25   33.7  100.0 15/05/2017
20170516   136  22.8  25  11.1  25    0.0  25   6.2  25   5.8   25   7.7  25   27.8   58.3 16/05/2017
20170517   137  18.0  25  14.1  25    1.9  25   1.9  25   6.3   25  15.0  25   72.7   93.3 17/05/2017
20170518   138  22.1  25   7.4  25    0.0  25   3.3  25  10.5   25  12.0  25   45.1  100.0 18/05/2017
20170519   139  19.6  25  10.9  25    4.5  25   2.4  25   8.1   25  14.7  25   64.5  100.0 19/05/2017
20170520   140  21.3  25   7.2  25    0.3  25   1.9  25  10.5   25  14.0  25   55.3  100.0 20/05/2017
20170521   141  22.4  25   6.5  25    0.0  25   3.1  25  13.6   25  13.3  25   49.1  100.0 21/05/2017
20170522   142  21.2  25   8.3  25    0.0  25   2.9  25   6.3   25  10.7  25   42.5   97.8 22/05/2017
20170523   143  19.2  25   6.6  25    3.9  25   2.5  25   9.5   25  15.6  25   70.2  100.0 23/05/2017
20170524   144  20.4  25  12.2  25    0.0  25   2.2  25   9.8   25  15.4  25   64.3  100.0 24/05/2017
20170525   145  21.1  25   8.1  25    0.0  25   3.0  25  11.0   25  13.4  25   53.6  100.0 25/05/2017
20170526   146  22.4  25   5.5  25    0.0  25   2.8  25  12.2   25  12.7  25   46.9  100.0 26/05/2017
20170527   147  21.4  25   8.0  25    0.2  25   3.0  25  10.4   25  11.8  25   46.3  100.0 27/05/2017
20170528   148  16.5  25   8.5  25    2.3  25   2.1  25   8.6   25  12.0  25   64.0  100.0 28/05/2017
20170529   149  16.4  25   7.4  25    2.2  25   2.1  25   7.4   25  13.1  25   70.3  100.0 29/05/2017
20170530   150  16.3  25   9.0  25    4.5  25   1.9  25   9.7   25  12.8  25   69.1  100.0 30/05/2017
20170531   151  14.9  25   1.2  25    0.0  25   2.1  25  11.2   25   8.6  25   50.8  100.0 31/05/2017
20170601   152  15.7  25  -0.9  25    0.0  25   1.2  25  12.4   25   8.2  25   46.0  100.0  1/06/2017
20170602   153  17.5  25  -1.2  25    0.0  25   2.7  25  12.6   25   8.5  25   42.5  100.0  2/06/2017
20170603   154  18.2  25  -1.9  25    0.0  25   1.5  25  12.6   25   8.5  25   40.7  100.0  3/06/2017
20170604   155  17.9  25  -1.8  25    0.0  25   1.8  25  11.6   25   7.9  25   38.5  100.0  4/06/2017
20170605   156  17.7  25   0.0  25    0.0  25   1.9  25  12.0   25   7.1  25   35.1  100.0  5/06/2017
20170606   157  17.1  25   4.4  25    0.0  25   2.1  25   8.3   25  12.2  25   62.6  100.0  6/06/2017
20170607   158  16.1  25   0.5  25    0.0  25   2.0  25  11.2   25   8.9  25   48.7  100.0  7/06/2017
20170608   159  17.1  25  -0.9  25    0.0  25   1.7  25  10.3   25   8.9  25   45.7  100.0  8/06/2017
20170609   160  15.6  25   2.9  25    0.1  25   2.0  25   6.6   25   9.9  25   55.9  100.0  9/06/2017
20170610   161  16.8  25   5.9  25    0.0  25   2.6  25  11.1   25  10.7  25   56.0  100.0 10/06/2017
20170611   162  17.2  25   1.0  25    0.0  25   2.3  25  10.6   25   9.8  25   50.0  100.0 11/06/2017
20170612   163  18.1  25   1.7  25    0.0  25   1.6  25  11.2   25  10.7  25   51.5  100.0 12/06/2017
20170613   164  19.2  25   1.3  25    0.0  25   2.0  25  10.4   25  10.9  25   49.0  100.0 13/06/2017
20170614   165  19.0  25   2.8  25    0.0  25   2.0  25  10.3   25  10.5  25   47.8  100.0 14/06/2017
20170615   166  18.7  25   6.7  25    0.0  25   2.4  25   6.5   25  10.1  25   46.9  100.0 15/06/2017
20170616   167  15.5  25   9.8  25    2.2  25   0.6  25   2.9   25  12.2  25   69.3  100.0 16/06/2017
20170617   168  17.6  25   3.8  25    0.1  25   0.8  25   9.9   25  11.0  25   54.7  100.0 17/06/2017
20170618   169  17.4  25   3.8  25    0.0  25   0.9  25   9.3   25  11.3  25   56.9  100.0 18/06/2017
20170619   170  19.6  25   1.6  25    0.0  25   0.7  25  11.5   25  10.7  25   46.9  100.0 19/06/2017
20170620   171  19.0  25   1.0  25    0.0  25   1.8  25  11.8   25   9.7  25   44.2  100.0 20/06/2017
20170621   172  20.0  25  -0.3  25    0.0  25   1.7  25  10.8   25   8.6  25   36.8  100.0 21/06/2017
20170622   173  19.6  25   1.3  25    0.0  25   2.0  25  10.8   25   8.3  25   36.4  100.0 22/06/2017
20170623   174  18.0  25   3.4  25    0.0  25   3.0  25   5.6   25   8.7  25   42.2  100.0 23/06/2017
20170624   175  19.1  25   3.2  25    0.0  25   1.5  25   9.0   25  10.7  25   48.4  100.0 24/06/2017
20170625   176  15.7  25   2.5  25    0.0  25   2.3  25   7.4   25  11.5  25   64.5  100.0 25/06/2017
20170626   177  16.0  25   2.0  25    0.0  25   1.0  25   9.2   25  10.7  25   58.9  100.0 26/06/2017
20170627   178  16.8  25   5.7  25    0.0  25   0.9  25   5.3   25  10.6  25   55.4  100.0 27/06/2017
20170628   179  16.8  25   1.2  25    0.0  25   1.9  25   8.8   25   9.4  25   49.2  100.0 28/06/2017
20170629   180  14.9  25   7.0  25   14.2  25   1.3  25   5.3   25  11.0  25   65.0  100.0 29/06/2017
20170630   181  15.6  25   4.1  25    0.0  25   0.5  25   9.6   25  11.0  25   62.1  100.0 30/06/2017
20170701   182  16.0  25   2.6  25    0.0  25   0.9  25  12.0   25   8.9  25   49.0  100.0  1/07/2017
20170702   183  17.4  25   4.2  25    0.0  25   3.5  25  10.3   25   8.5  25   42.8  100.0  2/07/2017
20170703   184  15.2  25   7.2  25    0.9  25   3.0  25   8.8   25   7.5  25   43.4   73.9  3/07/2017
20170704   185  16.3  25  10.3  25    3.3  25   2.5  25   7.3   25  13.3  25   71.8  100.0  4/07/2017
20170705   186  15.7  25   8.7  25    4.1  25   1.2  25   9.2   25  11.4  25   64.0  100.0  5/07/2017
20170706   187  16.0  25   5.2  25    0.7  25   3.6  25   8.9   25  10.0  25   55.0  100.0  6/07/2017
20170707   188  15.0  25   6.1  25    1.8  25   1.7  25   6.7   25  10.5  25   61.6  100.0  7/07/2017
20170708   189  15.6  25   5.9  25    0.0  25   2.9  25   6.9   25  11.3  25   63.8  100.0  8/07/2017
20170709   190  14.9  25   7.7  25    0.4  25   1.7  25   7.9   25  10.9  25   64.4  100.0  9/07/2017
20170710   191  16.8  25   3.8  25    0.0  25   2.2  25   9.7   25   9.5  25   49.7  100.0 10/07/2017
20170711   192  18.2  25   1.4  25    0.0  25   1.9  25  11.3   25   9.5  25   45.5  100.0 11/07/2017
20170712   193  18.0  25   3.6  25    0.0  25   3.3  25   9.7   25   7.7  25   37.3   97.4 12/07/2017
20170713   194  19.4  25   9.5  25    0.2  25   2.6  25   8.1   25   8.1  25   36.0   68.3 13/07/2017
20170714   195  15.3  25   8.1  25    0.5  25   2.7  25   5.3   25  12.6  25   72.5  100.0 14/07/2017
20170715   196  14.2  25   3.2  25    1.3  25   2.0  25   7.8   25  11.2  25   69.2  100.0 15/07/2017
20170716   197  14.7  25   3.6  25    0.3  25   3.2  25   5.1   25   8.8  25   52.6  100.0 16/07/2017
20170717   198  16.1  25   8.7  25    5.5  25   2.2  25   9.0   25  11.8  25   64.5  100.0 17/07/2017
20170718   199  14.3  25   8.7  25    1.8  25   2.2  25   7.7   25  10.8  25   66.3   96.1 18/07/2017
20170719   200  14.0  25   7.8  25    2.6  25   1.7  25   7.4   25   9.8  25   61.3   92.7 19/07/2017
20170720   201  14.0  25  -0.9  25    0.0  25   1.9  25   9.3   25   8.1  25   50.7  100.0 20/07/2017
20170721   202  17.4  25   0.2  25    0.0  25   3.3  25  13.2   25   8.7  25   43.8  100.0 21/07/2017
20170722   203  18.2  25   7.3  25    0.0  25   3.2  25  12.6   25   8.4  25   40.2   82.2 22/07/2017
20170723   204  17.6  25   6.6  25    0.0  25   2.7  25  10.9   25  12.5  25   62.1  100.0 23/07/2017
20170724   205  20.4  25   1.3  25    0.0  25   3.0  25  12.9   25  10.7  25   44.7  100.0 24/07/2017
20170725   206  15.3  25   7.4  25    0.0  25   1.9  25   4.9   25  10.3  25   59.3  100.0 25/07/2017
20170726   207  16.7  25   5.3  25    4.5  25   2.2  25  10.7   25  12.1  25   63.7  100.0 26/07/2017
20170727   208  17.8  25   1.3  25    0.6  25   2.3  25   8.5   25   9.6  25   47.1  100.0 27/07/2017
20170728   209  20.1  25   0.9  25    0.3  25   6.1  25  11.5   25  10.0  25   42.5  100.0 28/07/2017
20170729   210  22.5  25   6.8  25    0.0  25   4.9  25   9.4   25   7.1  25   26.1   71.9 29/07/2017
20170730   211  16.5  25   7.8  25    0.4  25   3.2  25   9.9   25  11.4  25   60.8  100.0 30/07/2017
20170731   212  14.4  25   4.5  25    1.5  25   7.1  25  11.3   25  10.9  25   66.5  100.0 31/07/2017
20170801   213  16.6  25  -0.3  25    0.8  25   2.5  25  13.1   25   9.6  25   50.8  100.0  1/08/2017
20170802   214  13.0  25   3.4  25    0.0  25   2.8  25   4.9   25   9.0  25   60.1  100.0  2/08/2017
20170803   215  12.1  25   8.2  25    6.8  25   2.2  25   5.8   25  11.2  25   79.4  100.0  3/08/2017
20170804   216  14.1  25   3.7  25    0.5  25   2.4  25   5.6   25  11.2  25   69.7  100.0  4/08/2017
20170805   217  15.4  25   6.0  25    0.9  25   3.0  25   9.2   25  10.5  25   60.0  100.0  5/08/2017
20170806   218  14.0  25   8.5  25    5.5  25   3.3  25   6.7   25  11.1  25   69.5  100.0  6/08/2017
20170807   219  14.7  25   7.5  25    4.7  25   1.6  25  11.3   25  12.2  25   73.0  100.0  7/08/2017
20170808   220  16.8  25   2.5  25    1.3  25   2.7  25   9.7   25  11.0  25   57.5  100.0  8/08/2017
20170809   221  19.0  25   4.2  25    0.0  25   4.5  25   9.7   25   9.6  25   43.7  100.0  9/08/2017
20170810   222  19.9  25  10.4  25    0.0  25   4.7  25  13.5   25   8.1  25   34.9   64.3 10/08/2017
20170811   223  16.7  25   5.5  25    0.0  25   3.2  25  13.4   25  11.4  25   60.0  100.0 11/08/2017
20170812   224  18.6  25   1.3  25    0.0  25   3.8  25  14.5   25  10.2  25   47.6  100.0 12/08/2017
20170813   225  22.9  25   3.2  25    0.0  25   4.3  25  10.5   25   7.9  25   28.3  100.0 13/08/2017
20170814   226  22.1  25  11.0  25    0.0  25   3.2  25   7.7   25  12.1  25   45.5   92.2 14/08/2017
20170815   227  17.2  25  14.6  25    8.4  25   3.3  25   5.9   25  16.6  25   84.6  100.0 15/08/2017
20170816   228  17.1  25   9.2  25   11.5  25   3.4  25  12.2   25  12.1  25   62.1  100.0 16/08/2017
20170817   229  16.8  25   9.1  25    0.0  25   4.0  25  12.5   25  11.2  25   58.6   97.0 17/08/2017
20170818   230  14.6  25   7.6  25    1.7  25   3.5  25  15.8   25  10.2  25   61.4   97.8 18/08/2017
20170819   231  15.6  25   0.3  25    1.2  25   2.7  25  16.3   25  10.4  25   58.7  100.0 19/08/2017
20170820   232  12.9  25   0.7  25    0.0  25   3.4  25  10.2   25   7.9  25   53.1  100.0 20/08/2017
20170821   233  15.9  25   5.6  25    8.1  25   2.6  25   8.4   25  11.6  25   64.2  100.0 21/08/2017
20170822   234  16.5  25   7.5  25    0.8  25   1.9  25  11.9   25  11.5  25   61.3  100.0 22/08/2017
20170823   235  17.5  25   2.6  25    0.0  25   2.6  25  12.3   25  12.0  25   60.0  100.0 23/08/2017
20170824   236  15.4  25   1.2  25    0.0  25   1.5  25   9.9   25  10.9  25   62.3  100.0 24/08/2017
20170825   237  15.2  25   0.2  25    0.0  25   1.9  25  10.6   25  10.3  25   59.7  100.0 25/08/2017
20170826   238  16.1  25  -0.1  25    0.0  25   2.7  25  13.0   25   9.7  25   53.0  100.0 26/08/2017
20170827   239  14.9  25   3.3  25    0.5  25   2.0  25  11.2   25  11.9  25   70.3  100.0 27/08/2017
20170828   240  13.5  25  -1.5  25    0.0  25   1.7  25  10.6   25   8.1  25   52.4  100.0 28/08/2017
20170829   241  15.1  25  -1.1  25    0.0  25   2.4  25  14.1   25   8.6  25   50.1  100.0 29/08/2017
20170830   242  17.6  25   0.0  25    0.0  25   3.0  25  16.6   25   9.4  25   46.7  100.0 30/08/2017
20170831   243  20.2  25   3.3  25    0.0  25   5.2  25  18.2   25   8.6  25   36.3  100.0 31/08/2017
20170901   244  23.3  25   5.9  25    0.0  25   3.9  25  15.7   25   7.8  25   27.3   84.0  1/09/2017
20170902   245  21.8  25  10.2  25    0.2  25   2.7  25   6.7   25  11.9  25   45.6   95.7  2/09/2017
20170903   246  16.1  25   8.6  25    9.7  25   7.1  25  13.4   25  10.3  25   56.3   92.2  3/09/2017
20170904   247  15.1  25   8.3  25    4.9  25   4.9  25  12.9   25  10.1  25   58.9   92.3  4/09/2017
20170905   248  15.2  25   7.5  25    3.6  25   3.0  25  12.4   25  11.0  25   63.7  100.0  5/09/2017
20170906   249  15.7  25   6.8  25    1.8  25   2.9  25  11.6   25  11.0  25   61.7  100.0  6/09/2017
20170907   250  16.3  25   5.7  25    0.1  25   3.5  25  13.1   25  11.6  25   62.6  100.0  7/09/2017
20170908   251  16.8  25   5.9  25    0.5  25   3.9  25  16.1   25  12.2  25   63.8  100.0  8/09/2017
20170909   252  16.8  25   1.9  25    4.1  25   3.1  25  12.5   25   9.7  25   50.7  100.0  9/09/2017
20170910   253  23.0  25   3.7  25    0.0  25   4.7  25  13.2   25  11.5  25   40.9  100.0 10/09/2017
20170911   254  25.4  25  11.8  25    0.0  25   6.9  25  14.5   25   9.3  25   28.7   67.2 11/09/2017
20170912   255  24.3  25  11.3  25    0.0  25   3.7  25  18.4   25  12.6  25   41.5   94.2 12/09/2017
20170913   256  14.6  25   9.0  25    0.1  25   4.6  25  14.9   25  10.4  25   62.6   90.7 13/09/2017
20170914   257  15.0  25   7.0  25    2.2  25   3.0  25  13.1   25   9.5  25   55.7   94.9 14/09/2017
20170915   258  16.7  25   3.2  25    0.0  25   5.5  25  12.5   25  12.3  25   64.7  100.0 15/09/2017
20170916   259  19.5  25   3.8  25    0.0  25   3.2  25  20.7   25  12.3  25   54.3  100.0 16/09/2017
20170917   260  25.5  25   1.9  25    0.0  25   6.6  25  20.7   25   7.9  25   24.2  100.0 17/09/2017
20170918   261  19.6  25  13.3  25    0.0  25   5.0  25  14.4   25  11.3  25   49.6   74.0 18/09/2017
20170919   262  17.1  25   4.9  25    2.1  25   3.2  25  15.9   25  11.1  25   57.0  100.0 19/09/2017
20170920   263  24.6  25   3.6  25    0.0  25   7.0  25  18.3   25  10.8  25   34.9  100.0 20/09/2017
20170921   264  25.2  25  10.2  25    0.0  25   4.8  25  20.2   25   8.5  25   26.5   68.3 21/09/2017
20170922   265  32.0  25   6.1  25    0.0  25   8.3  25  22.2   25  13.1  25   27.6  100.0 22/09/2017
20170923   266  25.6  25  10.2  25    0.0  25   9.5  25  22.3   25  13.1  25   39.9  100.0 23/09/2017
20170924   267  20.6  25  10.0  25    0.0  25   6.3  25  21.1   25  10.8  25   44.5   88.0 24/09/2017
20170925   268  20.6  25   4.0  25    0.0  25   5.5  25  21.0   25  10.8  25   44.5  100.0 25/09/2017
20170926   269  29.1  25   7.5  25    0.0  25   9.0  25  18.6   25  10.0  25   24.8   96.5 26/09/2017
20170927   270  27.2  25  11.0  25    0.0  25   8.3  25  21.4   25  12.4  25   34.4   94.5 27/09/2017
20170928   271  18.8  25  10.2  25    0.4  25   3.3  25  18.0   25  12.7  25   58.6  100.0 28/09/2017
20170929   272  20.6  25   2.9  25    0.3  25   4.3  25  18.4   25  10.6  25   43.7  100.0 29/09/2017
20170930   273  19.7  25   5.0  25    0.0  25   4.4  25  20.7   25  10.0  25   43.6  100.0 30/09/2017
20171001   274  20.1  25   0.7  25    0.0  25   5.5  25  21.5   25  10.8  25   45.9  100.0  1/10/2017
20171002   275  24.8  25   2.7  25    0.0  25   8.4  25  23.6   25  10.7  25   34.2  100.0  2/10/2017
20171003   276  28.3  25   4.0  25    0.0  25   6.9  25  24.6   25  11.8  25   30.7  100.0  3/10/2017
20171004   277  32.2  25   9.8  25    0.0  25   8.2  25  21.4   25   7.9  25   16.4   65.2  4/10/2017
20171005   278  19.4  25  12.0  25    0.0  25   6.6  25  15.0   25  13.0  25   57.7   92.8  5/10/2017
20171006   279  19.8  25   6.1  25    0.0  25   8.2  25  11.4   25   8.2  25   35.5   87.1  6/10/2017
20171007   280  30.0  25   9.7  25    0.7  25   8.3  25  19.3   25  10.9  25   25.7   90.6  7/10/2017
20171008   281  29.4  25  11.2  25    0.0  25   8.0  25  22.5   25  13.5  25   32.9  100.0  8/10/2017
20171009   282  21.7  25   5.2  25    0.0  25   5.9  25  24.0   25  11.7  25   45.1  100.0  9/10/2017
20171010   283  28.6  25   4.8  25    0.0  25   8.1  25  21.2   25  10.1  25   25.8  100.0 10/10/2017
20171011   284  25.3  25  15.3  25    0.0  25   5.2  25  11.5   25  17.6  25   54.6  100.0 11/10/2017
20171012   285  20.3  25   6.4  25    6.0  25   5.5  25  20.0   25  10.9  25   45.8  100.0 12/10/2017
20171013   286  21.6  25   5.4  25    0.0  25   6.0  25  17.7   25  12.3  25   47.7  100.0 13/10/2017
20171014   287  25.2  25   7.5  25    0.0  25   4.6  25  25.6   25  11.7  25   36.5  100.0 14/10/2017
20171015   288  27.9  25  10.6  25    0.0  25   6.8  25  26.8   25  11.8  25   31.4   92.4 15/10/2017
20171016   289  33.9  25  12.9  25    0.0  25   9.2  25  26.0   25  11.1  25   21.0   74.6 16/10/2017
20171017   290  34.0  25  14.2  25    0.0  25   9.7  25  26.7   25  10.2  25   19.2   63.0 17/10/2017
20171018   291  35.3  25  17.1  25    0.0  25   9.2  25  23.8   25  12.8  25   22.4   65.7 18/10/2017
20171019   292  22.5  25  16.4  25    0.1  25   5.4  25  16.0   25  17.1  25   62.8   91.7 19/10/2017
20171020   293  21.8  25   6.4  25    0.0  25   5.6  25  25.4   25   9.9  25   37.9  100.0 20/10/2017
20171021   294  21.4  25   3.8  25    0.0  25   5.4  25  24.9   25   8.8  25   34.5  100.0 21/10/2017
20171022   295  21.1  25   7.8  25    0.4  25   3.7  25  18.5   25  10.9  25   43.6  100.0 22/10/2017
20171023   296  26.8  25   5.1  25    0.0  25   5.4  25  21.3   25  11.3  25   32.1  100.0 23/10/2017
20171024   297  27.1  25  11.8  25    0.0  25   6.2  25  16.1   25   9.8  25   27.3   70.9 24/10/2017
20171025   298  24.4  25  13.1  25    1.0  25   6.4  25  20.1   25  15.9  25   52.0  100.0 25/10/2017
20171026   299  24.7  25  13.6  25    0.0  25  10.4  25  23.1   25  14.1  25   45.3   90.6 26/10/2017
20171027   300  34.7  25  10.1  25    0.0  25  11.6  25  19.9   25   9.3  25   16.8   75.3 27/10/2017
20171028   301  23.3  25   6.4  25    0.4  25   5.8  25  20.3   25  11.2  25   39.2  100.0 28/10/2017
20171029   302  32.1  25   8.2  25    0.2  25   7.5  25  23.0   25   7.8  25   16.3   71.8 29/10/2017
20171030   303  17.9  25   6.9  25    4.8  25   5.8  25  23.8   25   9.6  25   46.8   96.5 30/10/2017
20171031   304  22.0  25   3.5  25    1.0  25   6.1  25  25.4   25   8.5  25   32.2  100.0 31/10/2017
20171101   305  24.9  25   4.9  25    0.0  25   7.0  25  25.4   25  11.3  25   35.9  100.0  1/11/2017
20171102   306  26.6  25   7.2  25    0.0  25   7.9  25  25.4   25  11.4  25   32.7  100.0  2/11/2017
20171103   307  17.0  25  10.9  25    0.0  25   6.5  25  12.0   25   9.8  25   50.6   75.2  3/11/2017
20171104   308  23.7  25   5.8  25    0.4  25   7.7  25  24.0   25   7.4  25   25.3   80.3  4/11/2017
20171105   309  28.5  25   8.2  25    0.0  25   8.0  25  24.0   25   5.3  25   13.6   48.8  5/11/2017
20171106   310  22.5  25   7.8  25    0.0  25   6.8  25  29.8   25   8.9  25   32.7   84.2  6/11/2017
20171107   311  22.8  25   8.1  25    0.0  25   7.2  25  23.8   25   9.4  25   33.9   87.1  7/11/2017
20171108   312  27.6  25   9.3  25    0.0  25   8.2  25  29.7   25   8.7  25   23.6   74.3  8/11/2017
20171109   313  32.5  25  11.9  25    0.0  25   9.9  25  20.7   25   7.5  25   15.3   53.9  9/11/2017
20171110   314  34.6  25  16.5  25    0.0  25  10.2  25  16.6   25   7.8  25   14.2   41.6 10/11/2017
20171111   315  32.8  25  19.2  25    0.0  25   6.5  25  13.7   25   9.1  25   18.3   40.9 11/11/2017
20171112   316  35.4  25  21.0  25    0.0  25   8.7  25  13.6   25   7.2  25   12.5   29.0 12/11/2017
20171113   317  36.8  25  13.3  25    0.0  25  10.9  25  18.1   25   8.0  25   12.9   52.4 13/11/2017
20171114   318  35.7  25  14.2  25    0.0  25   8.1  25  16.0   25   7.5  25   12.8   46.3 14/11/2017
20171115   319  21.0  25  17.2  25    0.3  25   4.6  25   9.0   25  18.6  25   74.8   94.8 15/11/2017
20171116   320  20.5  25  11.9  25    6.9  25   5.1  25  19.0   25  11.3  25   46.9   81.2 16/11/2017
20171117   321  21.6  25  11.5  25    0.0  25   5.6  25  13.5   25  10.7  25   41.5   78.9 17/11/2017
20171118   322  27.1  25  10.3  25    0.0  25   3.7  25  21.0   25  13.9  25   38.8  100.0 18/11/2017
20171119   323  32.5  25  13.1  25    0.0  25   9.5  25  24.1   25  14.3  25   29.2   94.9 19/11/2017
20171120   324  35.9  25  18.9  25    0.1  25  11.1  25  25.6   25  12.6  25   21.3   57.7 20/11/2017
20171121   325  36.6  25  19.6  25    0.0  25  12.8  25  29.9   25  10.3  25   16.8   45.2 21/11/2017
20171122   326  34.4  25  19.0  25    0.0  25   9.3  25  19.9   25   8.6  25   15.8   39.2 22/11/2017
20171123   327  22.2  25  16.7  25    3.3  25   3.4  25  18.4   25  19.4  25   72.5  100.0 23/11/2017
20171124   328  25.4  25  15.8  25   15.0  25   4.5  25  19.7   25  18.2  25   56.1  100.0 24/11/2017
20171125   329  26.9  25  16.1  25    5.1  25   7.5  25  24.9   25  18.5  25   52.2  100.0 25/11/2017
20171126   330  25.3  25  16.0  25    0.0  25   6.2  25  15.1   25  17.0  25   52.7   93.6 26/11/2017
20171127   331  30.3  25  10.6  25    0.0  25   7.8  25  28.0   25  12.5  25   29.0   97.9 27/11/2017
20171128   332  37.0  25  11.7  25    0.0  25  10.9  25  29.1   25  14.5  25   23.1  100.0 28/11/2017
20171129   333  39.0  25  17.3  25    0.0  25  10.4  25  19.4   25  11.7  25   16.7   59.3 29/11/2017
20171130   334  35.6  25  19.9  25    0.0  25  10.0  25  23.5   25  16.9  25   29.1   72.8 30/11/2017
20171201   335  21.0  25  17.1  25    6.5  25   4.5  25   9.1   25  18.8  25   75.6   96.5  1/12/2017
20171202   336  21.1  25  12.2  25    1.5  25   6.9  25  18.1   25  13.5  25   54.0   95.1  2/12/2017
20171203   337  21.4  25  10.1  25    0.0  25   5.1  25  20.2   25  11.7  25   45.9   94.7  3/12/2017
20171204   338  22.2  25  10.8  25    1.2  25   4.9  25  18.2   25  12.0  25   44.9   92.7  4/12/2017
20171205   339  23.9  25   6.7  25    0.0  25   7.1  25  25.2   25  11.6  25   39.1  100.0  5/12/2017
20171206   340  28.4  25  10.5  25    0.0  25   8.9  25  28.1   25  10.8  25   27.9   85.1  6/12/2017
20171207   341  20.7  25  10.7  25    2.8  25   5.9  25  15.6   25  14.0  25   57.4  100.0  7/12/2017
20171208   342  22.2  25   7.1  25    6.5  25   8.1  25  28.5   25  10.0  25   37.4   99.2  8/12/2017
20171209   343  26.7  25   8.0  25    0.0  25   7.6  25  30.1   25  12.2  25   34.8  100.0  9/12/2017
20171210   344  32.5  25  11.3  25    0.0  25   8.6  25  30.7   25  13.3  25   27.2   99.4 10/12/2017
20171211   345  34.3  25  11.7  25    0.0  25  17.0  25  31.9   25  11.9  25   22.0   86.6 11/12/2017
20171212   346  38.1  25  13.1  25    0.0  25  12.0  25  30.7   25  10.6  25   15.9   70.4 12/12/2017
20171213   347  39.7  25  15.6  25    0.0  25  10.2  25  21.1   25   7.1  25    9.8   40.1 13/12/2017
20171214   348  25.4  25  16.3  25    0.0  25   7.6  25  20.6   25  17.0  25   52.4   91.8 14/12/2017
20171215   349  29.4  25  11.4  25    0.0  25   9.0  25  29.6   25  14.2  25   34.6  100.0 15/12/2017
20171216   350  30.8  25   9.7  25    0.0  25  10.1  25  29.9   25  13.1  25   29.5  100.0 16/12/2017
20171217   351  36.0  25  14.1  25    0.0  25  10.1  25  17.8   25  12.2  25   20.5   75.9 17/12/2017
20171218   352  37.2  25  24.7  25    0.0  25   8.6  25  15.9   25  10.3  25   16.2   33.1 18/12/2017
20171219   353  31.0  25  20.9  25   10.7  25  10.9  25  25.6   25  20.5  25   45.6   83.0 19/12/2017
20171220   354  25.4  25  13.8  25    0.0  25  10.5  25  28.9   25  14.1  25   43.5   89.4 20/12/2017
20171221   355  27.4  25  10.1  25    0.1  25   7.5  25  29.8   25  12.1  25   33.2   97.9 21/12/2017
20171222   356  34.0  25  11.2  25    0.0  25   9.6  25  30.2   25  13.8  25   25.9  100.0 22/12/2017
20171223   357  40.2  25  11.8  25    0.0  25  10.9  25  24.5   25   7.7  25   10.3   55.7 23/12/2017
20171224   358  27.7  25  17.2  25    0.0  25  10.5  25  28.2   25  13.9  25   37.4   70.9 24/12/2017
20171225   359  31.9  25  10.7  25    0.0  25  11.0  25  30.7   25   9.6  25   20.3   74.7 25/12/2017
20171226   360  36.7  25  15.5  25    0.0  25  10.3  25  31.1   25   8.2  25   13.3   46.6 26/12/2017
20171227   361  39.1  25  18.3  25    0.0  25  10.1  25  16.1   25   6.1  25    8.7   29.0 27/12/2017
20171228   362  28.8  25  20.8  25    0.1  25   4.1  25  16.7   25  19.8  25   50.0   80.6 28/12/2017
20171229   363  25.8  25  18.4  25    0.6  25   4.6  25  10.3   25  20.9  25   62.9   98.8 29/12/2017
20171230   364  26.8  25  11.8  25    0.0  25   8.6  25  23.6   25  13.3  25   37.8   96.2 30/12/2017
20171231   365  28.1  25   9.1  25    0.0  25   8.0  25  26.9   25  13.9  25   36.6  100.0 31/12/2017
20180101     1  28.0  25  11.9  25    0.0  25  10.8  25  26.8   25  14.2  25   37.6  100.0  1/01/2018
20180102     2  26.1  25  13.7  25    0.0  25   8.9  25  25.5   25  12.5  25   37.0   79.8  2/01/2018
20180103     3  27.8  25  13.3  25    0.0  25   8.2  25  27.3   25  11.1  25   29.7   72.7  3/01/2018
20180104     4  34.8  25  12.7  25    0.0  25   9.7  25  32.1   25  11.0  25   19.8   75.0  4/01/2018
20180105     5  39.6  25  14.2  25    0.0  25  11.0  25  32.1   25  14.5  25   20.1   89.6  5/01/2018
20180106     6  44.2  25  21.5  25    0.0  25  18.0  25  32.1   25   7.6  25    8.3   29.6  6/01/2018
20180107     7  32.5  25  15.8  25    0.0  25   7.9  25  22.1   25  15.0  25   30.7   83.6  7/01/2018
20180108     8  28.4  25  16.9  25    0.0  25   8.9  25  27.0   25  14.7  25   38.0   76.4  8/01/2018
20180109     9  28.2  25  11.5  25    0.0  25   7.7  25  30.0   25  13.1  25   34.3   96.6  9/01/2018
20180110    10  30.3  25  12.3  25    0.0  25   6.5  25  11.7   25   9.9  25   22.9   69.3 10/01/2018
20180111    11  37.4  25  14.7  25    0.3  25   8.4  25  18.3   25  12.7  25   19.8   76.0 11/01/2018
20180112    12  24.5  25  21.3  25    4.0  25   5.8  25  13.0   25  22.4  25   72.9   88.5 12/01/2018
20180113    13  25.5  25  14.6  25    1.3  25   6.5  25  22.1   25  14.8  25   45.4   89.1 13/01/2018
20180114    14  27.5  25  11.2  25    0.1  25   9.6  25  28.7   25  11.5  25   31.3   86.5 14/01/2018
20180115    15  32.0  25  12.8  25    0.0  25   8.6  25  30.6   25  11.0  25   23.1   74.5 15/01/2018
20180116    16  35.4  25  17.4  25    0.0  25  10.6  25  31.0   25  15.2  25   26.4   76.5 16/01/2018
20180117    17  40.2  25  16.8  25    0.0  25  13.4  25  31.2   25   9.0  25   12.1   47.1 17/01/2018
20180118    18  42.9  25  17.6  25    0.0  25  12.9  25  32.0   25   5.6  25    6.5   27.8 18/01/2018
20180119    19  45.4  25  23.7  25    0.0  25  19.7  25  31.2   25   8.2  25    8.4   28.0 19/01/2018
20180120    20  37.3  25  20.5  25    0.0  25  11.0  25  23.4   25  20.0  25   31.4   83.0 20/01/2018
20180121    21  40.9  25  20.3  25    0.0  25  11.1  25  26.8   25  19.3  25   24.9   81.1 21/01/2018
20180122    22  31.3  25  20.2  25    0.0  25   9.5  25  26.9   25  19.4  25   42.5   82.0 22/01/2018
20180123    23  31.6  25  12.9  25    0.0  25  10.7  25  30.5   25  14.0  25   30.1   94.2 23/01/2018
20180124    24  32.3  25  13.5  25    0.0  25   8.9  25  28.5   25  15.7  25   32.5  100.0 24/01/2018
20180125    25  36.5  25  15.8  25    0.0  25  11.2  25  29.8   25  15.3  25   25.1   85.3 25/01/2018
20180126    26  34.1  25  16.6  25    0.0  25   6.1  25  15.3   25  10.9  25   20.4   57.7 26/01/2018
20180127    27  41.4  25  20.7  25    0.2  25  10.3  25  26.3   25  12.3  25   15.5   50.4 27/01/2018
20180128    28  44.2  25  25.3  25    0.1  25  11.6  25  21.6   25  12.9  25   14.0   40.0 28/01/2018
20180129    29  24.3  25  22.4  25    1.1  25   5.6  25  13.1   25  23.1  25   76.1   85.3 29/01/2018
20180130    30  23.2  25  16.1  25    8.5  25   5.8  25  17.2   25  15.0  25   52.8   82.0 30/01/2018
20180131    31  23.1  25  13.5  25    0.0  25   5.8  25  12.6   25  10.6  25   37.5   68.5 31/01/2018
20180201    32  24.0  25  13.9  25    0.0  25  10.5  25  16.7   25   9.3  25   31.2   58.6  1/02/2018
20180202    33  32.0  25  14.6  25    0.0  25   9.3  25  25.2   25  11.1  25   23.3   66.8  2/02/2018
20180203    34  34.3  25  17.4  25    0.0  25  10.1  25  30.2   25  12.7  25   23.5   63.9  3/02/2018
20180204    35  36.8  25  17.6  25    0.0  25  10.3  25  29.1   25  11.9  25   19.2   59.2  4/02/2018
20180205    36  38.7  25  16.2  25    0.0  25  11.4  25  28.8   25  12.5  25   18.2   67.9  5/02/2018
20180206    37  39.1  25  17.5  25    0.0  25  11.9  25  26.5   25  11.9  25   16.9   59.5  6/02/2018
20180207    38  42.0  25  22.8  25    0.0  25  13.3  25  26.3   25  14.3  25   17.4   51.5  7/02/2018
20180208    39  42.4  25  21.0  25    0.0  25  14.7  25  24.7   25  13.5  25   16.1   54.3  8/02/2018
20180209    40  42.1  25  22.7  25    0.0  25  10.4  25  23.5   25  18.5  25   22.4   67.1  9/02/2018
20180210    41  33.8  25  21.1  25    0.0  25   9.5  25  17.8   25  18.4  25   35.0   73.6 10/02/2018
20180211    42  27.9  25  13.7  25    0.0  25   8.1  25  23.8   25  12.6  25   33.5   80.4 11/02/2018
20180212    43  26.0  25  12.0  25    0.0  25   6.3  25  22.1   25  11.4  25   33.9   81.3 12/02/2018
20180213    44  31.8  25   9.9  25    0.0  25   7.6  25  27.4   25  12.1  25   25.7   99.3 13/02/2018
20180214    45  27.9  25  16.4  25    0.0  25   8.4  25  26.0   25  17.2  25   45.8   92.3 14/02/2018
20180215    46  27.8  25   8.6  25    0.0  25   7.7  25  23.4   25  12.7  25   34.0  100.0 15/02/2018
20180216    47  27.7  25  12.7  25    0.0  25   6.9  25  24.1   25  15.2  25   40.9  100.0 16/02/2018
20180217    48  32.6  25  11.8  25    0.0  25   6.4  25  25.5   25  13.6  25   27.7   98.3 17/02/2018
20180218    49  29.6  25  15.4  25    1.8  25   4.8  25  12.7   25  13.5  25   32.6   77.2 18/02/2018
20180219    50  31.5  25  14.8  25    0.6  25   7.5  25  24.2   25  17.1  25   37.0  100.0 19/02/2018
20180220    51  34.8  25  15.0  25    0.4  25   7.4  25  20.6   25  16.1  25   28.9   94.5 20/02/2018
20180221    52  30.2  25  21.6  25    0.0  25   5.4  25  10.0   25  21.6  25   50.3   83.8 21/02/2018
20180222    53  36.8  25  21.3  25    0.1  25   8.0  25  16.7   25  18.2  25   29.3   71.9 22/02/2018
20180223    54  35.0  25  24.7  25    0.0  25   8.9  25  20.8   25  19.2  25   34.1   61.7 23/02/2018
20180224    55  25.9  25  19.4  25    0.0  25   6.6  25  13.8   25  20.9  25   62.6   92.8 24/02/2018
20180225    56  26.3  25  15.9  25    0.0  25   7.6  25  20.6   25  15.5  25   45.3   85.8 25/02/2018
20180226    57  29.4  25   7.7  25    0.0  25   5.8  25  27.2   25  10.9  25   26.6  100.0 26/02/2018
20180227    58  36.8  25  11.8  25    0.0  25   9.5  25  25.5   25  10.4  25   16.8   75.2 27/02/2018
20180228    59  27.0  25  15.5  25    0.0  25   7.1  25  21.0   25  13.2  25   37.0   75.0 28/02/2018
20180301    60  31.5  25  12.6  25    0.0  25   8.3  25  20.0   25  12.9  25   27.9   88.5  1/03/2018
20180302    61  31.9  25  16.5  25    0.0  25   6.8  25  19.2   25  13.5  25   28.6   72.0  2/03/2018
20180303    62  27.3  25  16.0  25    0.0  25   7.6  25  24.2   25  16.5  25   45.5   90.8  3/03/2018
20180304    63  27.3  25  12.4  25    0.0  25   7.3  25  20.0   25  14.1  25   38.9   98.0  4/03/2018
20180305    64  25.6  25   9.5  25    0.0  25   6.8  25  24.5   25  10.9  25   33.2   91.9  5/03/2018
20180306    65  28.1  25  10.9  25    0.0  25   8.2  25  24.7   25  10.6  25   27.9   81.3  6/03/2018
20180307    66  35.1  25  13.8  25    0.0  25   9.4  25  23.1   25  13.1  25   23.2   83.1  7/03/2018
20180308    67  35.3  25  17.7  25    0.0  25   9.8  25  24.6   25   9.1  25   15.9   45.0  8/03/2018
20180309    68  37.0  25  16.4  25    0.0  25  11.9  25  22.7   25   9.7  25   15.5   52.0  9/03/2018
20180310    69  36.3  25  15.7  25    0.0  25  10.3  25  24.2   25   9.2  25   15.2   51.6 10/03/2018
20180311    70  32.4  25  15.5  25    0.0  25  10.2  25  23.7   25  18.2  25   37.4  100.0 11/03/2018
20180312    71  27.7  25  12.7  25    0.0  25   7.4  25  21.9   25  11.1  25   29.9   75.6 12/03/2018
20180313    72  26.1  25   9.3  25    0.0  25   6.7  25  21.8   25  11.7  25   34.6   99.9 13/03/2018
20180314    73  27.6  25   9.5  25    0.0  25   6.7  25  22.5   25  13.1  25   35.5  100.0 14/03/2018
20180315    74  26.4  25   9.4  25    0.0  25   7.2  25  19.5   25  13.0  25   37.8  100.0 15/03/2018
20180316    75  28.4  25  12.5  25    0.0  25   5.2  25  14.3   25  10.5  25   27.1   72.5 16/03/2018
20180317    76  35.9  25  15.8  25    0.5  25   6.6  25  14.0   25  11.7  25   19.8   65.2 17/03/2018
20180318    77  23.1  25  15.6  25    3.1  25   7.1  25  20.6   25  12.1  25   42.8   68.3 18/03/2018
20180319    78  24.7  25   9.2  25    0.0  25   5.9  25  13.2   25  13.4  25   43.1  100.0 19/03/2018
20180320    79  24.8  25  12.7  25    0.2  25   6.1  25  17.2   25  16.9  25   54.0  100.0 20/03/2018
20180321    80  25.4  25   8.1  25    0.0  25   5.6  25  20.3   25   8.5  25   26.2   78.8 21/03/2018
20180322    81  31.7  25   6.8  25    0.0  25   8.1  25  19.6   25  11.0  25   23.5  100.0 22/03/2018
20180323    82  34.2  25  15.5  25    0.0  25   6.8  25  20.3   25  15.9  25   29.6   90.3 23/03/2018
20180324    83  36.5  25  18.1  25    0.0  25  10.1  25  17.7   25  16.1  25   26.4   77.6 24/03/2018
20180325    84  23.2  25  16.1  25    0.3  25   6.9  25  15.2   25  16.8  25   59.1   91.9 25/03/2018
20180326    85  21.9  25   9.0  25    3.3  25   4.5  25  14.0   25   9.8  25   37.3   85.4 26/03/2018
20180327    86  29.4  25   8.1  25    0.0  25   7.2  25  20.5   25   8.9  25   21.7   82.5 27/03/2018
20180328    87  26.9  25  13.7  25    0.0  25   7.4  25  16.6   25  17.2  25   48.5  100.0 28/03/2018
20180329    88  25.6  25   9.8  25    0.0  25   6.3  25  19.0   25  13.9  25   42.4  100.0 29/03/2018
20180330    89  25.9  25   8.1  25    0.0  25   4.8  25  17.4   25  13.9  25   41.6  100.0 30/03/2018
20180331    90  29.1  25   8.3  25    0.0  25   5.9  25  19.9   25  13.0  25   32.3  100.0 31/03/2018
