"19970526" 365 -99.9 999 -99.9 999 9999.9 999 999.9 999 999.9  999 999.9 999 9999.9 9999.9 26/05/1997"
""
" This file is SPACE DELIMITED for easy import into both spreadsheets and programs."
"The first line 19970526 contains dummy data and is provided to allow spreadsheets to sense the columns"
" To read into a spreadsheet select DELIMITED and SPACE."
" "
" "
"=========  The following essential information and notes should be kept in the data file =========="
" "
"The Data Drill system and data are copyright to the Queensland Government Department of Environment and Science"
"SILO data, with the exception of Patched Point data for Queensland, are supplied to the licencee only and may not be given, lent, or sold to any other party"
" "
"Notes:"
" * Data Drill for Lat, Long: -33.91 138.73 (DECIMAL DEGREES), 33 54'S 138 43'E "
" * Elevation: 417 m "
" * Extracted from SILO on 20210504 "
" * Please read the documentation on the Data Drill at http://www.longpaddock.qld.gov.au/silo"
" "
" * As evaporation is read at 9am, it has been shifted to the day before"
"    ie The evaporation measured on 20 April is in row for 19 April"
" * The 6 Source columns Smx, Smn, Srn, Sev, Ssl, Svp indicate the source of the data to their left, namely Max temp, Min temp, Rainfall, Evaporation, Radiation and Vapour Pressure respectively"
"   25 = interpolated daily observations,     75 = interpolated long term average"
" "
" * Relative Humidity has been calculated using 9am VP, T.Max and T.Min"
"   RHmaxT is estimated Relative Humidity at Temperature T.Max"
"   RHminT is estimated Relative Humidity at Temperature T.Min"
" * The accuracy of the data depends on many factors including date, location, and variable."
"   For consistency data is supplied using one decimal place, however it is not accurate to that precision."
"   Further information is available from http://www.longpaddock.qld.gov.au/silo"
"===================================================================================================="
" "
Date       Day T.Max Smx T.Min Smn Rain   Srn  Evap Sev Radn   Ssl VP    Svp RHmaxT RHminT Date2
(yyyymmdd)  ()  (oC)  ()  (oC)  ()   (mm)  ()  (mm)  () (MJ/m2) () (hPa)  ()   (%)    (%)  (ddmmyyyy)
20161101   306  17.2  25   4.2  25    0.0  25   4.4  25  23.4   25  10.4  25   53.0  100.0  1/11/2016
20161102   307  19.6  25   4.9  25    0.0  25   5.7  25  22.2   25   8.9  25   39.0  100.0  2/11/2016
20161103   308  24.9  25   4.2  25    0.0  25   5.8  25  28.8   25  10.2  25   32.4  100.0  3/11/2016
20161104   309  28.2  25   5.7  25    0.0  25   8.9  25  29.1   25   8.7  25   22.8   95.0  4/11/2016
20161105   310  19.9  25   6.3  25    0.0  25   5.0  25  30.0   25   8.9  25   38.3   93.3  5/11/2016
20161106   311  25.1  25   6.2  25    0.0  25   7.1  25  29.7   25   9.8  25   30.8  100.0  6/11/2016
20161107   312  27.6  25  10.6  25    0.0  25   6.6  25  20.7   25   5.6  25   15.2   43.8  7/11/2016
20161108   313  19.2  25   7.5  25    0.0  25   7.1  25  22.9   25   8.4  25   37.8   81.1  8/11/2016
20161109   314  24.0  25   5.3  25    0.0  25   6.2  25  29.0   25   9.5  25   31.8  100.0  9/11/2016
20161110   315  23.3  25   7.9  25    0.0  25   4.2  25  24.6   25  10.5  25   36.7   98.6 10/11/2016
20161111   316  33.0  25  12.3  25    0.0  25   9.1  25  26.9   25  11.1  25   22.1   77.6 11/11/2016
20161112   317  20.1  25  11.4  25    0.0  25   7.0  25  19.7   25  12.0  25   51.0   89.1 12/11/2016
20161113   318  13.7  25   8.5  25   13.9  25   5.1  25  19.0   25  11.4  25   72.8  100.0 13/11/2016
20161114   319  16.4  25   7.9  25    2.8  25   3.2  25  15.5   25  11.1  25   59.5  100.0 14/11/2016
20161115   320  20.9  25   4.5  25    0.5  25   4.7  25  21.2   25   9.5  25   38.5  100.0 15/11/2016
20161116   321  28.4  25   6.2  25    0.0  25   7.8  25  31.5   25  11.2  25   29.0  100.0 16/11/2016
20161117   322  32.5  25  11.6  25    0.0  25  10.0  25  25.2   25   9.4  25   19.2   68.9 17/11/2016
20161118   323  24.4  25  12.9  25    0.0  25   9.4  25  11.8   25  14.6  25   47.8   98.2 18/11/2016
20161119   324  29.3  25  12.6  25    0.0  25   8.5  25  28.5   25  10.2  25   25.0   70.0 19/11/2016
20161120   325  34.6  25  14.1  25    0.0  25   9.1  25  29.1   25  11.3  25   20.5   70.3 20/11/2016
20161121   326  35.3  25  17.4  25    0.0  25   9.5  25  25.4   25  12.0  25   21.0   60.4 21/11/2016
20161122   327  14.7  25  12.2  25    1.2  25   1.9  25   7.9   25  15.0  25   89.7  100.0 22/11/2016
20161123   328  19.6  25   5.2  25    7.1  25   6.1  25  29.1   25   9.7  25   42.5  100.0 23/11/2016
20161124   329  21.4  25   3.7  25    0.0  25   4.9  25  27.3   25   9.2  25   36.1  100.0 24/11/2016
20161125   330  22.4  25   4.5  25    0.0  25   6.4  25  27.4   25  10.2  25   37.7  100.0 25/11/2016
20161126   331  24.4  25   7.0  25    0.0  25   7.6  25  32.4   25   9.9  25   32.4   98.9 26/11/2016
20161127   332  27.9  25   7.5  25    0.0  25   8.0  25  33.1   25  10.6  25   28.2  100.0 27/11/2016
20161128   333  29.6  25  10.0  25    0.0  25   9.7  25  32.6   25   7.7  25   18.6   62.8 28/11/2016
20161129   334  29.5  25   8.6  25    0.0  25   9.5  25  33.3   25   6.6  25   16.0   59.1 29/11/2016
20161130   335  23.8  25   8.8  25    0.9  25   5.9  25  24.5   25  13.4  25   45.5  100.0 30/11/2016
20161201   336  26.4  25   5.9  25    0.1  25   7.4  25  26.3   25  10.6  25   30.8  100.0  1/12/2016
20161202   337  26.8  25  10.1  25    0.0  25   7.3  25  28.3   25  11.3  25   32.1   91.5  2/12/2016
20161203   338  32.2  25   9.7  25    0.0  25   9.1  25  29.2   25   8.1  25   16.8   67.4  3/12/2016
20161204   339  28.4  25  17.5  25    1.0  25   3.6  25  17.0   25  17.8  25   46.0   89.1  4/12/2016
20161205   340  23.4  25  12.3  25    1.0  25   4.5  25  20.3   25  12.1  25   42.1   84.6  5/12/2016
20161206   341  23.0  25  11.4  25    0.0  25   6.1  25  22.5   25  10.6  25   37.7   78.7  6/12/2016
20161207   342  31.1  25   9.1  25    0.1  25   9.3  25  25.7   25  12.6  25   27.9  100.0  7/12/2016
20161208   343  18.3  25  11.3  25   10.8  25   7.7  25  27.6   25  10.8  25   51.4   80.7  8/12/2016
20161209   344  21.0  25   7.5  25    0.0  25   5.7  25  26.6   25   8.1  25   32.6   78.2  9/12/2016
20161210   345  26.9  25   7.2  25    0.0  25   8.3  25  33.8   25   9.4  25   26.5   92.6 10/12/2016
20161211   346  30.7  25   9.1  25    0.0  25   8.4  25  33.4   25  10.8  25   24.5   93.5 11/12/2016
20161212   347  34.2  25  13.2  25    0.0  25  13.6  25  33.1   25   7.5  25   13.9   49.5 12/12/2016
20161213   348  36.2  25  16.1  25    0.0  25   9.9  25  22.9   25  10.4  25   17.3   56.9 13/12/2016
20161214   349  17.9  25  14.4  25    2.2  25   3.1  25  12.2   25  16.3  25   79.5   99.4 14/12/2016
20161215   350  20.6  25   9.4  25    6.7  25   3.7  25  18.9   25   9.3  25   38.3   78.9 15/12/2016
20161216   351  26.9  25   6.5  25    0.0  25   9.0  25  30.6   25   9.6  25   27.1   99.2 16/12/2016
20161217   352  21.1  25  10.6  25    0.0  25   6.5  25  28.6   25  12.3  25   49.2   96.3 17/12/2016
20161218   353  25.9  25   6.7  25    0.0  25   8.2  25  33.2   25   7.2  25   21.6   73.4 18/12/2016
20161219   354  34.2  25  12.6  25    0.0  25  12.8  25  29.9   25   6.7  25   12.5   46.0 19/12/2016
20161220   355  22.9  25  12.7  25    0.2  25   9.1  25  27.4   25  11.8  25   42.3   80.4 20/12/2016
20161221   356  27.1  25   8.0  25    0.0  25   7.3  25  31.4   25  11.3  25   31.5  100.0 21/12/2016
20161222   357  32.3  25  12.6  25    0.0  25  10.5  25  33.2   25  11.2  25   23.2   76.8 22/12/2016
20161223   358  36.0  25  18.2  25    0.0  25  10.1  25  22.3   25   8.5  25   14.3   40.7 23/12/2016
20161224   359  35.7  25  14.9  25    0.2  25  11.0  25  29.4   25  15.5  25   26.5   91.5 24/12/2016
20161225   360  39.7  25  16.7  25    0.0  25  13.7  25  27.2   25  10.4  25   14.3   54.7 25/12/2016
20161226   361  22.0  25  20.9  25    1.7  25   2.5  25  14.0   25  15.4  25   58.3   62.3 26/12/2016
20161227   362  27.1  25  17.6  25   15.0  25   4.7  25  12.0   25  21.4  25   59.7  100.0 27/12/2016
20161228   363  33.6  25  19.8  25   32.1  25   7.3  25  22.7   25  25.7  25   49.4  100.0 28/12/2016
20161229   364  30.9  25  15.2  25    2.6  25   7.8  25  27.3   25  14.7  25   32.9   85.2 29/12/2016
20161230   365  24.4  25  13.8  25    0.0  25   6.1  25  19.2   25  15.2  25   49.7   96.4 30/12/2016
20161231   366  27.1  25  13.8  25    0.0  25   6.0  25  27.1   25  14.9  25   41.6   94.5 31/12/2016
20170101     1  23.1  25  12.8  25    0.0  25   7.9  25  22.6   25  15.6  25   55.2  100.0  1/01/2017
20170102     2  26.0  25  11.4  25    0.0  25   6.7  25  30.6   25  11.8  25   35.1   87.6  2/01/2017
20170103     3  28.4  25  11.0  25    0.0  25   9.0  25  31.8   25  11.5  25   29.7   87.7  3/01/2017
20170104     4  33.5  25  15.1  25    0.0  25  11.0  25  30.4   25  11.7  25   22.6   68.2  4/01/2017
20170105     5  34.5  25  20.7  25    0.0  25  10.9  25  29.8   25  15.0  25   27.4   61.5  5/01/2017
20170106     6  37.1  25  20.1  25    1.1  25  13.2  25  30.2   25  14.8  25   23.5   62.9  6/01/2017
20170107     7  38.8  25  24.7  25    0.0  25  10.8  25  23.1   25  12.4  25   17.9   39.9  7/01/2017
20170108     8  30.3  25  19.7  25    0.0  25   6.2  25  15.8   25  18.4  25   42.6   80.2  8/01/2017
20170109     9  25.5  25  17.4  25    3.7  25   2.9  25  13.1   25  18.7  25   57.3   94.1  9/01/2017
20170110    10  29.7  25  16.4  25    6.6  25   7.4  25  27.3   25  18.6  25   44.6   99.8 10/01/2017
20170111    11  28.1  25  11.9  25    0.0  25   7.1  25  30.5   25  14.2  25   37.4  100.0 11/01/2017
20170112    12  35.2  25  12.8  25    0.0  25  10.3  25  28.3   25  12.3  25   21.6   83.3 12/01/2017
20170113    13  22.1  25  18.6  25    1.3  25   4.9  25  17.0   25  23.1  25   86.9  100.0 13/01/2017
20170114    14  22.9  25  12.4  25    9.0  25   6.0  25  27.4   25  12.9  25   46.2   89.6 14/01/2017
20170115    15  29.2  25  10.6  25    0.0  25   6.9  25  30.2   25  12.0  25   29.6   93.9 15/01/2017
20170116    16  34.6  25  12.8  25    0.0  25   9.5  25  31.3   25  12.7  25   23.1   86.0 16/01/2017
20170117    17  38.4  25  14.1  25    0.0  25  13.5  25  30.5   25   9.1  25   13.4   56.6 17/01/2017
20170118    18  29.1  25  16.0  25    0.0  25  11.7  25  26.4   25  15.6  25   38.7   85.9 18/01/2017
20170119    19  36.1  25  17.3  25    0.0  25   9.6  25  26.0   25  11.1  25   18.6   56.2 19/01/2017
20170120    20  22.4  25  16.1  25   25.1  25   5.3  25  20.2   25  18.0  25   66.5   98.4 20/01/2017
20170121    21  27.3  25  10.0  25    0.4  25   7.3  25  31.1   25  12.3  25   33.9  100.0 21/01/2017
20170122    22  33.1  25  13.1  25    0.0  25   8.9  25  26.2   25  12.1  25   23.9   80.3 22/01/2017
20170123    23  34.2  25  19.9  25    0.0  25   5.5  25  13.0   25  13.7  25   25.5   59.0 23/01/2017
20170124    24  24.1  25  15.2  25    2.8  25   6.7  25  26.1   25  14.8  25   49.3   85.7 24/01/2017
20170125    25  27.7  25  11.3  25    0.0  25   7.1  25  27.9   25  11.2  25   30.2   83.7 25/01/2017
20170126    26  28.1  25   9.7  25    0.0  25   7.7  25  31.5   25  12.3  25   32.4  100.0 26/01/2017
20170127    27  31.8  25  13.1  25    0.0  25   8.5  25  31.3   25  14.1  25   30.0   93.6 27/01/2017
20170128    28  33.2  25  12.3  25    0.0  25  10.0  25  30.1   25  14.8  25   29.1  100.0 28/01/2017
20170129    29  37.9  25  13.7  25    0.0  25  10.1  25  30.8   25  12.0  25   18.2   76.6 29/01/2017
20170130    30  30.6  25  20.8  25    0.0  25   7.4  25  13.9   25  13.0  25   29.6   52.9 30/01/2017
20170131    31  25.0  25  15.2  25    0.0  25   6.4  25  18.0   25  15.5  25   48.9   89.8 31/01/2017
20170201    32  28.0  25  13.0  25    0.0  25   5.9  25  14.8   25  11.6  25   30.7   77.5  1/02/2017
20170202    33  25.4  25  12.2  25    0.0  25   6.3  25  21.1   25  12.6  25   38.9   88.7  2/02/2017
20170203    34  31.3  25  10.3  25    0.0  25   7.3  25  28.6   25  13.0  25   28.4  100.0  3/02/2017
20170204    35  30.9  25  16.1  25    0.0  25   4.5  25  17.7   25  11.6  25   26.0   63.4  4/02/2017
20170205    36  24.4  25  19.8  25    4.0  25   3.3  25  10.6   25  22.1  25   72.3   95.7  5/02/2017
20170206    37  18.7  25  17.2  25   17.3  25   3.0  25   8.7   25  19.4  25   90.0   98.9  6/02/2017
20170207    38  27.8  25  13.5  25    9.7  25   7.2  25  30.0   25  15.0  25   40.2   97.0  7/02/2017
20170208    39  39.7  25  14.4  25    0.0  25  10.2  25  28.7   25  18.9  25   26.0  100.0  8/02/2017
20170209    40  41.5  25  22.4  25    0.0  25  11.7  25  29.0   25  18.1  25   22.7   66.8  9/02/2017
20170210    41  40.7  25  22.0  25    0.0  25   8.9  25  27.8   25  21.0  25   27.4   79.5 10/02/2017
20170211    42  36.5  25  21.8  25    0.0  25   9.8  25  26.1   25  21.2  25   34.7   81.2 11/02/2017
20170212    43  21.8  25  14.5  25    0.0  25   7.0  25  20.4   25  13.3  25   50.9   80.6 12/02/2017
20170213    44  23.3  25   9.2  25    0.0  25   5.0  25  23.1   25  11.5  25   40.2   98.9 13/02/2017
20170214    45  29.1  25  11.0  25    0.0  25   7.0  25  26.8   25  13.5  25   33.5  100.0 14/02/2017
20170215    46  32.6  25  13.9  25    0.0  25   7.8  25  24.5   25   9.2  25   18.7   58.0 15/02/2017
20170216    47  28.6  25  13.5  25    0.0  25   7.4  25  23.8   25  17.3  25   44.2  100.0 16/02/2017
20170217    48  22.6  25  11.3  25    0.0  25   6.6  25  17.1   25  13.3  25   48.5   99.4 17/02/2017
20170218    49  18.7  25  11.5  25    0.0  25   5.4  25  21.9   25  10.4  25   48.3   76.7 18/02/2017
20170219    50  19.2  25   9.4  25    1.2  25   4.6  25  15.8   25  11.4  25   51.3   96.7 19/02/2017
20170220    51  21.7  25   9.2  25    1.4  25   5.2  25  23.8   25  12.4  25   47.8  100.0 20/02/2017
20170221    52  29.0  25   9.2  25    0.0  25   9.2  25  27.8   25   9.5  25   23.7   81.7 21/02/2017
20170222    53  29.7  25  15.0  25    0.0  25  10.3  25  26.9   25   7.2  25   17.3   42.2 22/02/2017
20170223    54  26.0  25  13.0  25    0.0  25   6.3  25  26.0   25  13.2  25   39.3   88.2 23/02/2017
20170224    55  25.0  25   9.3  25    0.0  25   7.8  25  25.5   25  11.7  25   36.9   99.9 24/02/2017
20170225    56  25.0  25  11.1  25    0.0  25   6.9  25  24.8   25  10.1  25   31.9   76.5 25/02/2017
20170226    57  29.4  25  11.0  25    0.0  25   7.1  25  25.6   25   9.6  25   23.4   73.2 26/02/2017
20170227    58  34.7  25  13.2  25    0.0  25   8.6  25  25.9   25  10.3  25   18.6   67.9 27/02/2017
20170228    59  35.2  25  20.9  25    0.0  25   7.5  25  22.1   25  10.8  25   19.0   43.7 28/02/2017
20170301    60  36.2  25  18.5  25    0.0  25   9.2  25  25.0   25   9.5  25   15.8   44.6  1/03/2017
20170302    61  34.5  25  17.4  25    0.0  25   7.6  25  23.2   25  11.5  25   21.0   57.9  2/03/2017
20170303    62  32.9  25  17.5  25    0.0  25   8.7  25  25.5   25  13.8  25   27.6   69.0  3/03/2017
20170304    63  32.6  25  16.9  25    0.0  25   8.2  25  24.0   25  14.0  25   28.5   72.8  4/03/2017
20170305    64  26.6  25   8.3  25    0.0  25   7.2  25  23.8   25  11.8  25   33.9  100.0  5/03/2017
20170306    65  28.6  25  11.9  25    0.0  25   7.4  25  23.5   25  14.7  25   37.6  100.0  6/03/2017
20170307    66  32.4  25  15.7  25    0.0  25   8.0  25  24.2   25  13.2  25   27.1   74.1  7/03/2017
20170308    67  33.4  25  15.3  25    0.0  25   7.7  25  25.1   25  13.0  25   25.3   74.8  8/03/2017
20170309    68  33.9  25  15.9  25    0.0  25   8.3  25  24.2   25  11.8  25   22.3   65.4  9/03/2017
20170310    69  33.8  25  12.7  25    0.0  25   8.5  25  22.8   25  10.2  25   19.4   69.5 10/03/2017
20170311    70  33.1  25  15.3  25    0.0  25   7.3  25  12.3   25   8.7  25   17.2   50.1 11/03/2017
20170312    71  21.1  25  13.3  25    0.0  25   6.5  25  14.4   25  14.4  25   57.6   94.3 12/03/2017
20170313    72  23.7  25  12.9  25    3.3  25   3.3  25  14.4   25  15.7  25   53.6  100.0 13/03/2017
20170314    73  29.9  25  12.0  25    0.0  25   7.5  25  22.9   25  15.0  25   35.6  100.0 14/03/2017
20170315    74  33.4  25  15.8  25    0.0  25   8.4  25  21.2   25  13.0  25   25.3   72.5 15/03/2017
20170316    75  22.5  25  14.1  25    0.0  25   7.7  25  22.1   25  13.1  25   48.1   81.5 16/03/2017
20170317    76  25.8  25   9.1  25    0.0  25   7.8  25  23.1   25  10.0  25   30.1   86.6 17/03/2017
20170318    77  33.9  25   9.5  25    0.0  25   6.3  25  23.9   25   9.0  25   17.0   75.8 18/03/2017
20170319    78  33.6  25  15.5  25    0.0  25   7.8  25  22.9   25  13.8  25   26.5   78.4 19/03/2017
20170320    79  32.4  25  19.6  25    0.0  25   6.8  25  18.1   25  14.8  25   30.4   64.9 20/03/2017
20170321    80  28.0  25  17.3  25    0.0  25   6.3  25  18.2   25  19.9  25   52.7  100.0 21/03/2017
20170322    81  23.3  25  14.4  25    0.0  25   4.9  25  12.0   25  16.6  25   58.0  100.0 22/03/2017
20170323    82  27.8  25  13.5  25    0.0  25   5.7  25  19.2   25  15.6  25   41.8  100.0 23/03/2017
20170324    83  32.2  25  15.0  25    0.0  25   6.2  25  17.4   25  16.4  25   34.1   96.2 24/03/2017
20170325    84  29.5  25  15.4  25    0.0  25   5.0  25  11.2   25  15.2  25   36.9   86.9 25/03/2017
20170326    85  36.3  25  17.5  25    0.0  25   7.8  25  13.2   25  16.8  25   27.8   84.1 26/03/2017
20170327    86  23.5  25  17.7  25    0.0  25   7.1  25  18.7   25  17.9  25   61.8   88.4 27/03/2017
20170328    87  25.0  25   7.5  25    0.0  25   6.0  25  19.1   25  12.0  25   37.9  100.0 28/03/2017
20170329    88  22.6  25   8.1  25    0.0  25   4.5  25  13.5   25  11.5  25   42.0  100.0 29/03/2017
20170330    89  18.0  25   5.7  25    1.7  25   3.8  25  13.7   25   9.9  25   48.0  100.0 30/03/2017
20170331    90  19.2  25   2.8  25    0.1  25   3.0  25  16.7   25   9.3  25   41.8  100.0 31/03/2017
20170401    91  19.8  25   7.2  25    0.0  25   3.6  25  15.6   25  11.2  25   48.5  100.0  1/04/2017
20170402    92  19.3  25   7.2  25    0.0  25   4.1  25  16.8   25   8.3  25   37.1   81.8  2/04/2017
20170403    93  20.1  25   6.9  25    0.0  25   4.3  25  18.8   25   8.7  25   37.0   87.5  3/04/2017
20170404    94  25.6  25   7.5  25    0.0  25   4.8  25  19.0   25   8.2  25   25.0   79.1  4/04/2017
20170405    95  25.3  25  13.6  25    0.0  25   5.5  25  18.1   25   7.7  25   23.9   49.5  5/04/2017
20170406    96  26.7  25   8.1  25    0.0  25   6.2  25  19.1   25   7.5  25   21.4   69.5  6/04/2017
20170407    97  27.7  25  11.1  25    0.0  25   5.8  25  18.6   25   8.5  25   22.9   64.4  7/04/2017
20170408    98  29.7  25  12.2  25    0.0  25   6.7  25  15.2   25   8.4  25   20.1   59.1  8/04/2017
20170409    99  16.1  25   9.0  25    1.5  25   4.3  25  16.2   25   8.5  25   46.5   74.1  9/04/2017
20170410   100  16.7  25   7.7  25    0.1  25   2.2  25  11.3   25  10.3  25   54.2   98.1 10/04/2017
20170411   101  20.3  25   6.6  25    0.1  25   2.7  25  17.1   25  10.8  25   45.4  100.0 11/04/2017
20170412   102  23.5  25   7.5  25    0.0  25   3.4  25  18.4   25  11.9  25   41.1  100.0 12/04/2017
20170413   103  25.2  25   6.8  25    0.0  25   4.1  25  18.6   25  10.7  25   33.4  100.0 13/04/2017
20170414   104  25.1  25   7.0  25    0.0  25   4.4  25  19.1   25  10.4  25   32.6  100.0 14/04/2017
20170415   105  26.1  25   7.7  25    0.0  25   4.1  25  14.8   25  10.2  25   30.2   97.1 15/04/2017
20170416   106  23.9  25   8.6  25    0.0  25   3.1  25  12.8   25  10.9  25   36.8   97.6 16/04/2017
20170417   107  26.6  25  10.5  25    0.0  25   4.2  25  15.3   25  10.3  25   29.6   81.2 17/04/2017
20170418   108  26.4  25  12.9  25    0.0  25   7.6  25  12.5   25   8.9  25   25.9   59.9 18/04/2017
20170419   109  29.1  25  17.8  25    0.0  25   4.7  25  10.2   25   9.9  25   24.6   48.6 19/04/2017
20170420   110  19.4  25  16.3  25    8.6  25   0.8  25   6.0   25  19.4  25   86.2  100.0 20/04/2017
20170421   111  21.5  25  15.5  25   14.5  25   2.2  25  13.5   25  17.3  25   67.5   98.3 21/04/2017
20170422   112  21.1  25  11.8  25    0.0  25   2.8  25  11.0   25  14.2  25   56.8  100.0 22/04/2017
20170423   113  21.2  25  13.3  25    0.0  25   2.4  25   8.0   25  15.2  25   60.4   99.6 23/04/2017
20170424   114  17.7  25  13.6  25    1.1  25   1.5  25   4.7   25  17.5  25   86.5  100.0 24/04/2017
20170425   115  19.0  25  12.4  25    8.1  25   3.3  25  12.3   25  15.0  25   68.3  100.0 25/04/2017
20170426   116  13.2  25   7.0  25    5.1  25   1.3  25  11.8   25   9.3  25   61.3   92.9 26/04/2017
20170427   117  14.2  25   5.0  25    0.2  25   1.9  25   7.3   25  10.2  25   63.0  100.0 27/04/2017
20170428   118  15.5  25   9.5  25    0.2  25   1.3  25   6.8   25  12.8  25   72.7  100.0 28/04/2017
20170429   119  15.5  25  11.2  25    0.0  25   1.8  25   7.1   25  11.6  25   65.9   87.3 29/04/2017
20170430   120  17.2  25   8.3  25    0.0  25   2.8  25  10.7   25  10.0  25   51.0   91.4 30/04/2017
20170501   121  17.8  25   8.8  25    0.0  25   1.8  25   6.1   25  12.1  25   59.4  100.0  1/05/2017
20170502   122  13.6  25   8.8  25    1.1  25   1.4  25   9.1   25  10.6  25   68.1   93.7  2/05/2017
20170503   123  15.3  25   3.4  25    0.0  25   1.5  25   9.7   25  10.0  25   57.6  100.0  3/05/2017
20170504   124  16.2  25   2.7  25    0.0  25   2.1  25  15.6   25   8.2  25   44.6  100.0  4/05/2017
20170505   125  17.7  25   3.9  25    0.0  25   2.9  25  13.9   25   7.8  25   38.5   96.6  5/05/2017
20170506   126  19.5  25   7.6  25    0.0  25   2.2  25  10.6   25   7.4  25   32.7   70.9  6/05/2017
20170507   127  14.5  25   5.1  25    0.0  25   1.7  25  11.4   25   7.7  25   46.7   87.7  7/05/2017
20170508   128  14.4  25   3.8  25    0.0  25   2.3  25  14.3   25   8.7  25   53.1  100.0  8/05/2017
20170509   129  17.5  25   4.6  25    0.0  25   1.7  25  13.7   25   9.7  25   48.5  100.0  9/05/2017
20170510   130  19.3  25   3.9  25    0.0  25   1.8  25  12.8   25   9.5  25   42.5  100.0 10/05/2017
20170511   131  19.0  25   5.0  25    0.0  25   1.7  25  11.1   25   9.6  25   43.7  100.0 11/05/2017
20170512   132  18.7  25   3.1  25    0.0  25   2.5  25  13.7   25   8.6  25   39.9  100.0 12/05/2017
20170513   133  18.1  25   3.8  25    0.0  25   2.4  25  12.2   25   8.7  25   41.9  100.0 13/05/2017
20170514   134  19.8  25   4.3  25    0.0  25   2.2  25  13.0   25   8.8  25   38.1  100.0 14/05/2017
20170515   135  21.1  25   3.8  25    0.0  25   3.8  25  10.7   25   8.7  25   34.8  100.0 15/05/2017
20170516   136  19.1  25   9.7  25    0.0  25   4.7  25   6.7   25   7.2  25   32.6   59.9 16/05/2017
20170517   137  15.5  25  12.6  25    0.7  25   1.3  25   5.7   25  12.5  25   71.0   85.7 17/05/2017
20170518   138  18.0  25   9.0  25    0.0  25   2.6  25   8.3   25  10.7  25   51.9   93.3 18/05/2017
20170519   139  17.1  25  10.0  25    0.4  25   2.1  25   6.7   25  13.3  25   68.2  100.0 19/05/2017
20170520   140  18.7  25   5.3  25    0.0  25   1.6  25  11.0   25  11.9  25   55.2  100.0 20/05/2017
20170521   141  20.2  25   5.0  25    0.0  25   2.8  25  12.6   25  11.6  25   49.0  100.0 21/05/2017
20170522   142  19.0  25   8.2  25    0.1  25   2.6  25   6.7   25   9.9  25   45.1   91.1 22/05/2017
20170523   143  16.4  25   8.1  25    3.4  25   2.1  25   9.8   25  12.7  25   68.1  100.0 23/05/2017
20170524   144  17.2  25  10.3  25    0.0  25   1.8  25   9.3   25  13.8  25   70.4  100.0 24/05/2017
20170525   145  17.9  25   6.1  25    0.0  25   2.1  25  11.4   25  11.2  25   54.6  100.0 25/05/2017
20170526   146  19.6  25   4.5  25    0.0  25   2.6  25  12.1   25  12.0  25   52.6  100.0 26/05/2017
20170527   147  18.4  25   6.5  25    0.0  25   2.8  25   9.9   25  10.2  25   48.2  100.0 27/05/2017
20170528   148  11.9  25   6.8  25    5.2  25   1.7  25   8.2   25  11.0  25   79.0  100.0 28/05/2017
20170529   149  13.2  25   4.4  25    5.3  25   1.4  25   7.7   25  11.4  25   75.2  100.0 29/05/2017
20170530   150  13.3  25   8.8  25    2.2  25   1.4  25   9.3   25  11.4  25   74.7  100.0 30/05/2017
20170531   151  11.6  25   0.3  25    0.3  25   1.5  25  10.9   25   7.4  25   54.2  100.0 31/05/2017
20170601   152  13.6  25   0.0  25    0.0  25   1.6  25  12.4   25   7.1  25   45.6  100.0  1/06/2017
20170602   153  15.1  25   0.6  25    0.0  25   1.8  25  12.3   25   7.5  25   43.7  100.0  2/06/2017
20170603   154  16.3  25  -0.6  25    0.0  25   1.3  25  12.5   25   7.9  25   42.7  100.0  3/06/2017
20170604   155  15.3  25  -2.7  25    0.0  25   1.4  25  11.7   25   6.9  25   39.7  100.0  4/06/2017
20170605   156  15.2  25  -0.2  25    0.0  25   1.3  25  11.7   25   7.8  25   45.2  100.0  5/06/2017
20170606   157  14.2  25   4.7  25    0.4  25   1.5  25   8.5   25  11.6  25   71.7  100.0  6/06/2017
20170607   158  14.0  25   0.1  25    0.1  25   1.8  25  10.8   25   8.1  25   50.7  100.0  7/06/2017
20170608   159  14.6  25  -0.7  25    0.0  25   1.3  25  10.0   25   8.2  25   49.4  100.0  8/06/2017
20170609   160  12.2  25   2.1  25    0.0  25   1.1  25   6.0   25   8.3  25   58.4  100.0  9/06/2017
20170610   161  15.3  25   5.3  25    0.0  25   1.6  25  10.7   25   9.4  25   54.1  100.0 10/06/2017
20170611   162  14.7  25   1.4  25    0.0  25   1.6  25  11.0   25  10.0  25   59.8  100.0 11/06/2017
20170612   163  15.5  25   0.5  25    0.0  25   0.8  25  10.6   25   9.8  25   55.7  100.0 12/06/2017
20170613   164  16.8  25   1.8  25    0.2  25   1.4  25   9.9   25  10.4  25   54.4  100.0 13/06/2017
20170614   165  16.9  25   2.7  25    0.2  25   1.8  25  10.5   25  10.1  25   52.5  100.0 14/06/2017
20170615   166  16.6  25   6.4  25    0.2  25   1.2  25   6.1   25   9.5  25   50.3   98.9 15/06/2017
20170616   167  13.0  25   8.1  25    1.3  25   1.0  25   2.6   25  11.0  25   73.5  100.0 16/06/2017
20170617   168  14.8  25   3.2  25    0.0  25   1.0  25   9.3   25   9.8  25   58.3  100.0 17/06/2017
20170618   169  15.6  25   3.4  25    0.1  25   0.4  25   9.2   25   9.8  25   55.3  100.0 18/06/2017
20170619   170  17.4  25   1.6  25    0.1  25   0.9  25  11.2   25  10.6  25   53.4  100.0 19/06/2017
20170620   171  17.1  25   0.9  25    0.0  25   1.4  25  11.8   25   9.0  25   46.2  100.0 20/06/2017
20170621   172  17.3  25   0.2  25    0.1  25   1.4  25  11.0   25   8.5  25   43.1  100.0 21/06/2017
20170622   173  16.9  25   2.6  25    0.0  25   2.4  25  10.6   25   7.6  25   39.5  100.0 22/06/2017
20170623   174  16.7  25   2.3  25    0.0  25   2.2  25   7.1   25   7.6  25   40.0  100.0 23/06/2017
20170624   175  16.3  25   2.9  25    0.0  25   1.4  25   9.5   25  10.5  25   56.7  100.0 24/06/2017
20170625   176  12.7  25   3.2  25    0.0  25   1.6  25   8.0   25  10.3  25   70.2  100.0 25/06/2017
20170626   177  13.6  25   2.4  25    3.2  25   1.0  25   7.4   25   9.5  25   61.0  100.0 26/06/2017
20170627   178  12.8  25   5.7  25    0.0  25   1.0  25   4.9   25   9.3  25   63.0  100.0 27/06/2017
20170628   179  14.7  25   1.8  25    0.2  25   1.9  25   8.0   25   9.4  25   56.2  100.0 28/06/2017
20170629   180  11.7  25   3.4  25    4.4  25   1.1  25   5.9   25  10.2  25   74.2  100.0 29/06/2017
20170630   181  13.1  25   4.1  25    1.0  25   0.8  25  10.5   25  10.1  25   67.0  100.0 30/06/2017
20170701   182  14.1  25   1.5  25    0.0  25   1.3  25  12.4   25   7.4  25   46.0  100.0  1/07/2017
20170702   183  15.0  25   3.1  25    0.0  25   3.1  25  11.1   25   7.1  25   41.7   93.1  2/07/2017
20170703   184  12.7  25   5.7  25    0.5  25   2.8  25   8.9   25   6.5  25   44.3   71.0  3/07/2017
20170704   185  13.1  25   8.0  25    2.9  25   1.8  25   6.8   25  11.8  25   78.3  100.0  4/07/2017
20170705   186  12.5  25   7.0  25    8.3  25   1.2  25   8.1   25  10.2  25   70.4  100.0  5/07/2017
20170706   187  13.9  25   2.6  25    0.4  25   2.9  25   8.9   25   8.9  25   56.1  100.0  6/07/2017
20170707   188  11.4  25   3.9  25    3.6  25   1.3  25   5.1   25  10.1  25   75.0  100.0  7/07/2017
20170708   189  12.1  25   5.5  25    2.7  25   1.8  25   7.5   25   9.8  25   69.5  100.0  8/07/2017
20170709   190  12.0  25   6.6  25    1.8  25   1.3  25   8.5   25  10.0  25   71.3  100.0  9/07/2017
20170710   191  14.1  25   2.2  25    0.3  25   1.4  25   9.4   25   8.9  25   55.4  100.0 10/07/2017
20170711   192  15.9  25   1.4  25    0.0  25   1.2  25  10.2   25   8.8  25   48.7  100.0 11/07/2017
20170712   193  15.3  25   5.1  25    0.0  25   3.0  25  10.2   25   7.1  25   40.9   80.9 12/07/2017
20170713   194  17.8  25   7.0  25    1.1  25   2.1  25   7.7   25   7.0  25   34.4   69.9 13/07/2017
20170714   195  12.4  25   7.6  25    0.5  25   2.3  25   6.1   25  11.2  25   77.8  100.0 14/07/2017
20170715   196  10.9  25   1.8  25    2.9  25   1.3  25   7.1   25   8.8  25   67.5  100.0 15/07/2017
20170716   197  12.2  25   1.6  25    0.0  25   2.3  25   6.0   25   7.6  25   53.5  100.0 16/07/2017
20170717   198  12.8  25   6.5  25    3.8  25   2.0  25   9.0   25  10.1  25   68.4  100.0 17/07/2017
20170718   199  10.5  25   6.8  25    7.2  25   2.3  25   6.7   25  10.0  25   78.8  100.0 18/07/2017
20170719   200  10.8  25   6.4  25    7.3  25   1.2  25   6.8   25   9.7  25   74.9  100.0 19/07/2017
20170720   201  11.7  25  -1.3  25    0.1  25   1.4  25   9.2   25   7.6  25   55.3  100.0 20/07/2017
20170721   202  15.2  25  -0.5  25    0.1  25   2.3  25  13.4   25   7.2  25   41.7  100.0 21/07/2017
20170722   203  17.1  25   6.0  25    0.0  25   2.7  25  12.7   25   7.1  25   36.4   76.0 22/07/2017
20170723   204  14.6  25   8.1  25    0.0  25   2.3  25  11.3   25  11.7  25   70.4  100.0 23/07/2017
20170724   205  17.7  25   1.7  25    0.0  25   2.7  25  12.7   25  10.1  25   49.9  100.0 24/07/2017
20170725   206  15.4  25   6.9  25    0.0  25   1.6  25   7.2   25   7.9  25   45.2   79.4 25/07/2017
20170726   207  14.4  25   7.3  25    3.8  25   1.7  25   9.6   25  11.3  25   68.9  100.0 26/07/2017
20170727   208  17.7  25   1.3  25    0.0  25   1.5  25   8.1   25   8.4  25   41.5  100.0 27/07/2017
20170728   209  18.3  25   1.2  25    1.2  25   4.1  25  11.7   25   8.9  25   42.3  100.0 28/07/2017
20170729   210  22.7  25   5.8  25    0.0  25   4.3  25  10.1   25   6.2  25   22.5   67.3 29/07/2017
20170730   211  13.6  25   6.8  25    1.0  25   2.8  25   9.7   25  10.4  25   66.8  100.0 30/07/2017
20170731   212  11.3  25   2.8  25    4.3  25   2.8  25  12.2   25  10.0  25   74.7  100.0 31/07/2017
20170801   213  14.0  25   0.3  25    6.1  25   2.0  25  12.9   25   9.0  25   56.3  100.0  1/08/2017
20170802   214  10.4  25   3.9  25    0.0  25   2.3  25   6.9   25   7.5  25   59.5   92.9  2/08/2017
20170803   215   8.5  25   6.2  25    9.3  25   1.6  25   5.7   25   9.8  25   88.4  100.0  3/08/2017
20170804   216  11.5  25   3.1  25    0.5  25   1.7  25   5.7   25   9.9  25   73.0  100.0  4/08/2017
20170805   217  12.2  25   4.9  25    3.6  25   2.4  25   8.2   25   9.3  25   65.5  100.0  5/08/2017
20170806   218  10.9  25   6.0  25   14.2  25   2.8  25   6.7   25   9.9  25   76.0  100.0  6/08/2017
20170807   219  12.0  25   5.0  25   17.1  25   1.1  25  10.3   25  10.3  25   73.5  100.0  7/08/2017
20170808   220  13.8  25   2.5  25    0.9  25   1.6  25   9.6   25   9.5  25   60.2  100.0  8/08/2017
20170809   221  16.6  25   2.6  25    0.0  25   4.2  25  11.1   25   8.5  25   45.0  100.0  9/08/2017
20170810   222  17.3  25   9.2  25    0.0  25   4.0  25  14.4   25   5.4  25   27.4   46.4 10/08/2017
20170811   223  13.6  25   5.6  25    0.0  25   2.7  25  13.6   25  10.1  25   64.9  100.0 11/08/2017
20170812   224  15.8  25   1.0  25    0.0  25   2.8  25  13.9   25   8.4  25   46.8  100.0 12/08/2017
20170813   225  21.2  25   3.1  25    0.0  25   3.6  25  13.1   25   7.3  25   29.0   95.7 13/08/2017
20170814   226  20.5  25   9.7  25    0.2  25   2.6  25  10.7   25  10.4  25   43.1   86.5 14/08/2017
20170815   227  15.0  25  13.2  25    5.6  25   2.7  25   6.2   25  15.5  25   91.0  100.0 15/08/2017
20170816   228  13.9  25   8.1  25   22.3  25   2.1  25  10.3   25  10.7  25   67.4   99.1 16/08/2017
20170817   229  13.5  25   7.5  25    0.3  25   3.4  25  11.7   25   9.9  25   64.0   95.6 17/08/2017
20170818   230  12.3  25   5.6  25    4.7  25   2.9  25  14.1   25   9.4  25   65.8  100.0 18/08/2017
20170819   231  12.6  25   1.5  25    0.2  25   1.8  25  15.4   25   9.2  25   63.1  100.0 19/08/2017
20170820   232  11.3  25   2.2  25    0.0  25   3.1  25  10.7   25   6.7  25   50.1   93.6 20/08/2017
20170821   233  12.8  25   4.3  25   10.8  25   1.5  25   8.0   25  10.4  25   70.4  100.0 21/08/2017
20170822   234  13.2  25   6.0  25    3.2  25   1.6  25  11.4   25  10.4  25   68.6  100.0 22/08/2017
20170823   235  14.2  25   2.3  25    0.0  25   2.1  25  12.6   25   9.7  25   59.9  100.0 23/08/2017
20170824   236  11.6  25   2.5  25    1.1  25   1.7  25  10.3   25  10.0  25   73.3  100.0 24/08/2017
20170825   237  12.7  25  -0.8  25    0.2  25   1.1  25   9.9   25   8.3  25   56.6  100.0 25/08/2017
20170826   238  13.5  25  -0.4  25    0.1  25   2.4  25  14.0   25   8.1  25   52.4  100.0 26/08/2017
20170827   239  11.3  25   4.7  25    0.4  25   0.9  25  10.2   25   8.9  25   66.5  100.0 27/08/2017
20170828   240  10.2  25  -1.3  25    0.3  25   1.2  25  11.0   25   7.2  25   57.9  100.0 28/08/2017
20170829   241  12.3  25  -0.5  25    0.0  25   1.5  25  14.2   25   7.9  25   55.3  100.0 29/08/2017
20170830   242  14.7  25  -0.4  25    0.0  25   2.4  25  16.4   25   8.7  25   52.0  100.0 30/08/2017
20170831   243  17.0  25   4.0  25    0.0  25   4.8  25  18.4   25   7.6  25   39.2   93.5 31/08/2017
20170901   244  20.8  25   4.2  25    0.0  25   3.6  25  16.6   25   7.6  25   31.0   92.2  1/09/2017
20170902   245  20.4  25   9.2  25    1.8  25   2.4  25   8.8   25   9.4  25   39.2   80.8  2/09/2017
20170903   246  12.2  25   6.4  25    5.2  25   5.2  25  14.6   25  10.0  25   70.4  100.0  3/09/2017
20170904   247  11.1  25   6.2  25    3.0  25   2.9  25  13.3   25   9.2  25   69.7   97.1  4/09/2017
20170905   248  11.2  25   5.7  25    7.7  25   2.2  25  11.8   25   9.9  25   74.5  100.0  5/09/2017
20170906   249  12.6  25   6.0  25    5.2  25   2.4  25  11.8   25  10.4  25   71.3  100.0  6/09/2017
20170907   250  12.6  25   6.0  25    0.5  25   2.3  25  11.2   25  10.5  25   72.0  100.0  7/09/2017
20170908   251  14.1  25   7.0  25    1.1  25   3.3  25  14.9   25  11.2  25   69.7  100.0  8/09/2017
20170909   252  14.4  25   0.7  25    0.1  25   2.4  25  12.1   25   8.1  25   49.4  100.0  9/09/2017
20170910   253  19.5  25   2.8  25    0.0  25   3.7  25  12.9   25   8.4  25   37.1  100.0 10/09/2017
20170911   254  23.8  25   8.9  25    0.0  25   6.0  25  16.8   25   9.1  25   30.9   79.9 11/09/2017
20170912   255  21.8  25  10.7  25    0.0  25   5.0  25  18.9   25  11.4  25   43.7   88.7 12/09/2017
20170913   256  11.1  25   6.7  25    1.1  25   3.1  25  14.9   25   9.6  25   72.7   97.9 13/09/2017
20170914   257  11.7  25   4.7  25    7.8  25   2.5  25  12.3   25   9.1  25   66.2  100.0 14/09/2017
20170915   258  13.2  25   4.9  25    1.3  25   3.4  25  11.6   25  11.0  25   72.5  100.0 15/09/2017
20170916   259  16.2  25   5.2  25    0.2  25   2.8  25  20.5   25  10.5  25   57.1  100.0 16/09/2017
20170917   260  21.9  25   3.5  25    0.0  25   6.3  25  21.7   25   7.1  25   27.0   90.5 17/09/2017
20170918   261  17.3  25  11.0  25    0.0  25   3.8  25  14.1   25   8.3  25   42.1   63.3 18/09/2017
20170919   262  14.3  25   4.9  25    3.6  25   1.7  25  15.9   25   9.7  25   59.6  100.0 19/09/2017
20170920   263  21.4  25   3.2  25    0.0  25   6.2  25  19.2   25   9.1  25   35.7  100.0 20/09/2017
20170921   264  22.9  25   8.9  25    0.0  25   5.6  25  20.5   25   6.6  25   23.6   57.9 21/09/2017
20170922   265  28.0  25   6.4  25    0.0  25   7.1  25  22.1   25  12.9  25   34.1  100.0 22/09/2017
20170923   266  22.7  25  11.6  25    0.2  25   8.3  25  22.1   25  10.8  25   39.2   79.1 23/09/2017
20170924   267  16.6  25   8.3  25    0.0  25   5.4  25  20.7   25  10.0  25   53.0   91.4 24/09/2017
20170925   268  17.5  25   3.5  25    0.0  25   3.5  25  20.1   25   9.2  25   46.0  100.0 25/09/2017
20170926   269  22.1  25   6.1  25    0.0  25   6.5  25  19.4   25   9.3  25   35.0   98.8 26/09/2017
20170927   270  23.9  25  10.9  25    0.0  25   8.3  25  21.7   25  10.7  25   36.1   82.1 27/09/2017
20170928   271  15.8  25   9.0  25    2.0  25   2.6  25  17.4   25  12.1  25   67.4  100.0 28/09/2017
20170929   272  16.8  25   2.2  25    0.0  25   4.0  25  18.9   25   9.9  25   51.8  100.0 29/09/2017
20170930   273  16.9  25   5.5  25    0.0  25   3.8  25  21.1   25   9.6  25   49.9  100.0 30/09/2017
20171001   274  17.4  25   1.9  25    0.0  25   4.1  25  21.9   25  10.0  25   50.3  100.0  1/10/2017
20171002   275  22.3  25   3.0  25    0.0  25   5.9  25  24.6   25  10.4  25   38.6  100.0  2/10/2017
20171003   276  25.4  25   5.0  25    0.0  25   6.3  25  25.4   25   9.3  25   28.7  100.0  3/10/2017
20171004   277  28.1  25   9.7  25    0.0  25   8.2  25  21.2   25   7.3  25   19.2   60.7  4/10/2017
20171005   278  17.2  25  10.6  25    0.0  25   4.3  25  16.6   25  12.6  25   64.2   98.6  5/10/2017
20171006   279  16.2  25   4.5  25    0.0  25   6.4  25  12.9   25   7.6  25   41.3   90.3  6/10/2017
20171007   280  27.0  25   7.1  25    0.1  25   6.3  25  18.8   25   9.1  25   25.5   90.3  7/10/2017
20171008   281  25.6  25   9.8  25    0.3  25   7.2  25  22.6   25  13.0  25   39.6  100.0  8/10/2017
20171009   282  19.5  25   5.7  25    0.0  25   4.8  25  22.8   25  11.1  25   49.0  100.0  9/10/2017
20171010   283  26.1  25   4.8  25    0.0  25   7.6  25  23.0   25   9.7  25   28.7  100.0 10/10/2017
20171011   284  24.0  25  12.6  25    0.0  25   3.9  25  13.0   25  17.1  25   57.3  100.0 11/10/2017
20171012   285  17.2  25   5.3  25    6.8  25   4.0  25  18.7   25  10.1  25   51.5  100.0 12/10/2017
20171013   286  18.7  25   4.5  25    0.0  25   4.6  25  18.4   25  10.9  25   50.6  100.0 13/10/2017
20171014   287  21.9  25   7.2  25    0.0  25   4.3  25  26.6   25  11.3  25   43.0  100.0 14/10/2017
20171015   288  24.3  25   9.5  25    0.0  25   5.8  25  26.0   25  11.0  25   36.2   92.7 15/10/2017
20171016   289  29.5  25  12.9  25    0.0  25   8.5  25  25.2   25  11.7  25   28.4   78.7 16/10/2017
20171017   290  29.9  25  13.4  25    0.0  25   9.1  25  27.4   25  10.2  25   24.2   66.4 17/10/2017
20171018   291  31.6  25  16.9  25    0.0  25   8.7  25  25.7   25  12.5  25   26.9   65.0 18/10/2017
20171019   292  19.2  25  16.3  25    0.7  25   5.0  25  15.9   25  17.6  25   79.1   95.0 19/10/2017
20171020   293  19.6  25   5.2  25    0.0  25   5.4  25  24.1   25   8.8  25   38.6   99.5 20/10/2017
20171021   294  20.1  25   4.5  25    0.0  25   5.7  25  25.3   25   8.5  25   36.1  100.0 21/10/2017
20171022   295  19.5  25   6.7  25    0.0  25   3.1  25  20.3   25   9.6  25   42.4   97.9 22/10/2017
20171023   296  25.1  25   6.2  25    0.0  25   5.5  25  21.6   25  11.6  25   36.4  100.0 23/10/2017
20171024   297  24.3  25  10.4  25    0.0  25   4.5  25  15.2   25  11.2  25   36.9   88.9 24/10/2017
20171025   298  23.1  25  10.0  25    1.2  25   5.4  25  19.7   25  14.9  25   52.7  100.0 25/10/2017
20171026   299  21.4  25  11.8  25    1.3  25   6.0  25  21.6   25  14.0  25   55.0  100.0 26/10/2017
20171027   300  31.5  25   8.2  25    0.0  25   9.7  25  19.7   25  10.2  25   22.1   93.9 27/10/2017
20171028   301  21.7  25   6.7  25    0.2  25   6.1  25  23.3   25  11.2  25   43.2  100.0 28/10/2017
20171029   302  29.3  25   6.8  25    0.0  25   7.9  25  23.9   25   7.4  25   18.2   74.9 29/10/2017
20171030   303  14.9  25   4.3  25    6.4  25   4.6  25  23.2   25   8.9  25   52.6  100.0 30/10/2017
20171031   304  20.0  25   3.2  25    0.7  25   4.6  25  25.1   25   8.9  25   38.1  100.0 31/10/2017
20171101   305  22.7  25   4.4  25    0.0  25   6.2  25  26.8   25  10.9  25   39.5  100.0  1/11/2017
20171102   306  24.1  25   6.3  25    0.0  25   5.1  25  26.2   25  11.2  25   37.3  100.0  2/11/2017
20171103   307  14.0  25   9.4  25    0.0  25   5.7  25  12.6   25   9.5  25   59.5   80.6  3/11/2017
20171104   308  19.3  25   5.3  25    2.4  25   7.7  25  27.9   25   6.9  25   30.8   77.5  4/11/2017
20171105   309  23.6  25   7.5  25    0.0  25   8.3  25  25.1   25   5.7  25   19.6   55.0  5/11/2017
20171106   310  20.3  25   7.2  25    0.6  25   6.6  25  28.7   25   7.3  25   30.7   71.9  6/11/2017
20171107   311  20.7  25   4.7  25    0.0  25   5.4  25  24.0   25   9.0  25   36.9  100.0  7/11/2017
20171108   312  24.9  25   7.8  25    0.0  25   7.1  25  29.2   25   8.0  25   25.4   75.6  8/11/2017
20171109   313  28.8  25  10.9  25    0.0  25   9.3  25  23.5   25   7.5  25   18.9   57.6  9/11/2017
20171110   314  31.0  25  15.8  25    0.0  25  10.4  25  19.3   25   7.1  25   15.8   39.6 10/11/2017
20171111   315  28.7  25  19.6  25    0.0  25   6.0  25  11.8   25   6.9  25   17.5   30.3 11/11/2017
20171112   316  32.6  25  20.4  25    0.0  25   8.1  25  14.1   25   8.4  25   17.1   35.1 12/11/2017
20171113   317  34.2  25  15.7  25    0.0  25   9.2  25  18.9   25   8.1  25   15.1   45.4 13/11/2017
20171114   318  33.1  25  15.3  25    0.0  25   7.0  25  18.5   25   7.2  25   14.2   41.4 14/11/2017
20171115   319  17.5  25  16.0  25    5.0  25   2.2  25  10.9   25  18.0  25   90.1   99.1 15/11/2017
20171116   320  16.6  25  10.2  25    8.5  25   3.9  25  16.6   25  11.2  25   59.3   90.1 16/11/2017
20171117   321  18.6  25   8.4  25    0.5  25   2.4  25  14.6   25  11.8  25   55.1  100.0 17/11/2017
20171118   322  23.8  25  10.3  25    0.0  25   2.6  25  19.7   25  13.1  25   44.4  100.0 18/11/2017
20171119   323  29.7  25  12.4  25    0.2  25   9.9  25  25.9   25  14.8  25   35.5  100.0 19/11/2017
20171120   324  32.2  25  19.3  25    0.0  25  12.0  25  28.0   25  12.5  25   26.0   55.9 20/11/2017
20171121   325  32.9  25  19.8  25    0.0  25  13.9  25  31.3   25   9.3  25   18.6   40.3 21/11/2017
20171122   326  33.0  25  17.2  25    0.0  25   9.5  25  23.7   25   8.2  25   16.3   41.8 22/11/2017
20171123   327  22.6  25  16.2  25    5.0  25   2.3  25  17.8   25  16.2  25   59.1   88.0 23/11/2017
20171124   328  25.7  25  14.4  25    9.9  25   4.0  25  20.2   25  16.6  25   50.3  100.0 24/11/2017
20171125   329  28.0  25  14.1  25    0.4  25   6.7  25  26.1   25  17.8  25   47.1  100.0 25/11/2017
20171126   330  22.5  25  13.0  25    0.0  25   4.5  25  13.3   25  16.2  25   59.5  100.0 26/11/2017
20171127   331  28.7  25   9.9  25    0.0  25   7.2  25  28.1   25  11.5  25   29.2   94.3 27/11/2017
20171128   332  34.6  25  14.6  25    0.0  25  10.3  25  29.9   25  14.6  25   26.5   87.9 28/11/2017
20171129   333  36.0  25  18.8  25    0.2  25   7.8  25  20.3   25  13.1  25   22.0   60.4 29/11/2017
20171130   334  33.5  25  18.8  25    0.6  25   9.3  25  23.8   25  16.6  25   32.1   76.5 30/11/2017
20171201   335  17.8  25  16.1  25   12.8  25   3.6  25   8.6   25  18.5  25   90.8  100.0  1/12/2017
20171202   336  17.4  25  10.5  25   19.0  25   5.2  25  16.7   25  12.5  25   62.9   98.5  2/12/2017
20171203   337  17.7  25   8.7  25    0.3  25   4.0  25  18.8   25   9.9  25   48.9   88.1  3/12/2017
20171204   338  19.3  25   7.5  25    0.5  25   4.1  25  19.8   25  10.5  25   46.9  100.0  4/12/2017
20171205   339  22.6  25   8.0  25    0.0  25   6.2  25  24.7   25  10.5  25   38.3   97.9  5/12/2017
20171206   340  25.1  25   8.9  25    0.0  25   8.1  25  27.9   25  10.5  25   33.0   92.1  6/12/2017
20171207   341  17.4  25   8.2  25    1.5  25   3.7  25  16.6   25  12.8  25   64.4  100.0  7/12/2017
20171208   342  20.2  25   5.9  25   11.2  25   6.8  25  27.3   25  10.5  25   44.4  100.0  8/12/2017
20171209   343  24.8  25   6.9  25    0.0  25   6.9  25  30.8   25  10.9  25   34.8  100.0  9/12/2017
20171210   344  29.6  25   9.7  25    0.0  25   7.8  25  31.3   25  12.4  25   29.9  100.0 10/12/2017
20171211   345  31.6  25  10.3  25    0.0  25  11.5  25  34.2   25  12.1  25   26.0   96.6 11/12/2017
20171212   346  35.5  25  12.9  25    0.0  25  11.3  25  32.9   25  10.9  25   18.9   73.3 12/12/2017
20171213   347  37.9  25  17.3  25    0.0  25  10.7  25  24.0   25   7.4  25   11.2   37.5 13/12/2017
20171214   348  24.1  25  15.5  25    0.0  25   5.1  25  18.4   25  17.5  25   58.3   99.4 14/12/2017
20171215   349  28.4  25  10.4  25    0.0  25   8.2  25  30.3   25  13.7  25   35.4  100.0 15/12/2017
20171216   350  29.8  25  10.0  25    0.0  25  10.0  25  30.7   25  11.4  25   27.2   92.9 16/12/2017
20171217   351  33.3  25  14.8  25    0.0  25   8.1  25  21.4   25  12.3  25   24.0   73.1 17/12/2017
20171218   352  33.9  25  23.5  25    0.0  25   9.9  25  15.1   25   7.5  25   14.2   25.9 18/12/2017
20171219   353  28.7  25  19.7  25    3.5  25  11.2  25  25.0   25  18.8  25   47.8   82.0 19/12/2017
20171220   354  22.8  25  13.1  25    0.0  25   6.8  25  28.1   25  11.5  25   41.4   76.3 20/12/2017
20171221   355  27.4  25   7.8  25    0.1  25   6.4  25  31.5   25  11.2  25   30.7  100.0 21/12/2017
20171222   356  31.8  25  10.0  25    0.0  25   9.6  25  31.0   25  13.0  25   27.7  100.0 22/12/2017
20171223   357  36.6  25  11.7  25    0.0  25  11.8  25  25.9   25   6.7  25   10.9   48.8 23/12/2017
20171224   358  26.7  25  15.0  25    0.0  25   9.7  25  30.0   25  12.5  25   35.7   73.3 24/12/2017
20171225   359  28.3  25  10.2  25    0.0  25  10.6  25  32.0   25   8.8  25   22.9   70.8 25/12/2017
20171226   360  33.8  25  14.7  25    0.0  25   9.3  25  32.1   25   8.7  25   16.5   52.0 26/12/2017
20171227   361  38.1  25  18.9  25    0.0  25  10.8  25  17.5   25   5.1  25    7.7   23.4 27/12/2017
20171228   362  29.5  25  19.9  25    0.0  25   4.2  25  17.3   25  17.6  25   42.7   75.8 28/12/2017
20171229   363  23.8  25  17.7  25    0.5  25   4.1  25   9.9   25  19.6  25   66.5   96.8 29/12/2017
20171230   364  24.5  25  11.5  25    0.0  25   7.6  25  25.9   25  12.6  25   41.0   92.9 30/12/2017
20171231   365  27.4  25   7.8  25    0.0  25   7.8  25  30.2   25  12.6  25   34.5  100.0 31/12/2017
20180101     1  26.8  25  10.9  25    0.0  25   9.0  25  28.0   25  13.7  25   38.9  100.0  1/01/2018
20180102     2  23.9  25  11.9  25    0.2  25   8.5  25  27.5   25  13.4  25   45.2   96.2  2/01/2018
20180103     3  27.0  25  10.2  25    0.0  25   7.8  25  27.7   25  10.2  25   28.6   82.0  3/01/2018
20180104     4  33.3  25  12.3  25    0.0  25   9.5  25  32.9   25  11.7  25   22.9   81.8  4/01/2018
20180105     5  37.4  25  13.7  25    0.0  25  10.5  25  33.2   25  10.3  25   16.1   65.7  5/01/2018
20180106     6  41.1  25  18.9  25    0.0  25  17.5  25  33.0   25   6.7  25    8.6   30.7  6/01/2018
20180107     7  34.4  25  14.3  25    0.0  25   7.7  25  24.8   25  13.0  25   23.9   79.8  7/01/2018
20180108     8  29.9  25  14.6  25    0.0  25   8.1  25  28.0   25  13.7  25   32.5   82.5  8/01/2018
20180109     9  27.5  25   9.8  25    0.0  25   9.6  25  30.4   25  12.1  25   33.0   99.9  9/01/2018
20180110    10  27.0  25  13.4  25    0.0  25   6.1  25  12.2   25   9.0  25   25.2   58.6 10/01/2018
20180111    11  35.4  25  16.7  25    0.0  25   8.5  25  20.9   25   9.0  25   15.7   47.4 11/01/2018
20180112    12  21.2  25  19.5  25    0.5  25   5.0  25  11.7   25  19.6  25   77.9   86.5 12/01/2018
20180113    13  21.5  25  12.6  25    2.4  25   6.1  25  21.4   25  13.8  25   53.8   94.7 13/01/2018
20180114    14  25.5  25   9.3  25    0.6  25   8.0  25  28.7   25  10.5  25   32.2   89.7 14/01/2018
20180115    15  30.1  25  12.5  25    0.0  25   7.9  25  30.7   25   9.8  25   23.0   67.7 15/01/2018
20180116    16  32.7  25  15.6  25    0.0  25  11.1  25  32.3   25  13.4  25   27.1   75.7 16/01/2018
20180117    17  37.5  25  16.2  25    0.0  25  13.0  25  31.9   25   8.6  25   13.3   46.7 17/01/2018
20180118    18  40.2  25  17.5  25    0.0  25  13.5  25  32.5   25   4.3  25    5.8   21.5 18/01/2018
20180119    19  42.6  25  21.9  25    0.0  25  17.5  25  31.2   25   5.7  25    6.7   21.7 19/01/2018
20180120    20  38.2  25  21.4  25    0.0  25  10.0  25  22.8   25  14.3  25   21.3   56.1 20/01/2018
20180121    21  40.3  25  22.6  25    0.0  25  11.1  25  26.5   25  13.1  25   17.5   47.8 21/01/2018
20180122    22  32.9  25  19.5  25    0.0  25  10.1  25  27.9   25  17.5  25   35.0   77.2 22/01/2018
20180123    23  32.7  25  12.4  25    0.0  25   9.7  25  31.4   25  12.7  25   25.7   88.3 23/01/2018
20180124    24  32.4  25  13.5  25    0.0  25   8.6  25  27.8   25  12.5  25   25.7   80.8 24/01/2018
20180125    25  36.2  25  15.7  25    0.0  25  11.7  25  29.2   25  11.2  25   18.6   62.8 25/01/2018
20180126    26  32.7  25  19.0  25    0.0  25   6.7  25  19.0   25   9.5  25   19.2   43.3 26/01/2018
20180127    27  39.6  25  20.9  25    0.0  25   9.9  25  26.8   25  10.6  25   14.7   42.9 27/01/2018
20180128    28  42.4  25  25.7  25    0.0  25  13.3  25  21.9   25  11.6  25   13.9   35.1 28/01/2018
20180129    29  26.2  25  22.3  25    0.0  25   4.9  25  13.0   25  21.8  25   64.1   81.0 29/01/2018
20180130    30  19.8  25  13.4  25    8.9  25   4.8  25  16.4   25  12.8  25   55.5   83.3 30/01/2018
20180131    31  20.4  25  10.6  25    0.0  25   5.1  25  14.0   25   9.4  25   39.2   73.6 31/01/2018
20180201    32  21.5  25  11.3  25    0.0  25   7.1  25  17.8   25   8.3  25   32.4   62.0  1/02/2018
20180202    33  28.3  25  12.5  25    0.0  25   9.8  25  26.0   25  10.1  25   26.3   69.7  2/02/2018
20180203    34  31.4  25  16.2  25    0.0  25  10.3  25  28.7   25  11.8  25   25.7   64.1  3/02/2018
20180204    35  34.2  25  16.8  25    0.0  25  10.5  25  28.5   25  10.9  25   20.3   57.0  4/02/2018
20180205    36  36.4  25  16.6  25    0.0  25  11.0  25  29.1   25  11.4  25   18.8   60.4  5/02/2018
20180206    37  37.2  25  16.9  25    0.0  25  11.9  25  26.8   25   6.3  25    9.9   32.7  6/02/2018
20180207    38  39.3  25  22.6  25    0.0  25  13.3  25  27.2   25  10.5  25   14.8   38.3  7/02/2018
20180208    39  40.0  25  21.3  25    0.0  25  15.5  25  24.2   25   9.8  25   13.3   38.7  8/02/2018
20180209    40  39.9  25  22.5  25    0.0  25  10.9  25  23.0   25  13.4  25   18.3   49.2  9/02/2018
20180210    41  33.3  25  21.3  25    0.0  25   7.9  25  18.7   25  14.7  25   28.7   58.1 10/02/2018
20180211    42  27.2  25  12.2  25    0.0  25   7.8  25  25.2   25  12.5  25   34.7   88.0 11/02/2018
20180212    43  25.3  25   9.8  25    0.0  25   5.7  25  24.5   25  11.0  25   34.1   90.9 12/02/2018
20180213    44  30.2  25   9.5  25    0.0  25   8.6  25  27.9   25  12.4  25   28.9  100.0 13/02/2018
20180214    45  25.7  25  14.3  25    0.0  25   7.7  25  26.5   25  16.0  25   48.5   98.2 14/02/2018
20180215    46  26.7  25   6.9  25    0.0  25   7.8  25  24.3   25  11.2  25   32.0  100.0 15/02/2018
20180216    47  27.2  25  11.4  25    0.0  25   7.6  25  25.0   25  13.2  25   36.6   98.0 16/02/2018
20180217    48  31.7  25  11.7  25    0.0  25   6.9  25  24.8   25  12.4  25   26.5   90.2 17/02/2018
20180218    49  29.6  25  15.5  25    0.0  25   4.0  25  15.1   25  11.7  25   28.2   66.5 18/02/2018
20180219    50  28.6  25  14.6  25    3.5  25   8.2  25  25.5   25  15.1  25   38.6   90.9 19/02/2018
20180220    51  32.8  25  16.7  25    0.0  25   7.2  25  21.7   25  15.3  25   30.8   80.5 20/02/2018
20180221    52  30.4  25  20.6  25    0.0  25   4.5  25  10.7   25  14.3  25   32.9   59.0 21/02/2018
20180222    53  33.8  25  20.4  25    0.2  25   9.8  25  14.6   25  16.9  25   32.1   70.5 22/02/2018
20180223    54  35.5  25  22.9  25    0.1  25  10.3  25  21.6   25  15.5  25   26.8   55.5 23/02/2018
20180224    55  23.2  25  17.0  25    1.5  25   4.8  25  13.0   25  19.7  25   69.3  100.0 24/02/2018
20180225    56  23.7  25  13.4  25    1.2  25   7.1  25  20.6   25  13.5  25   46.1   87.9 25/02/2018
20180226    57  29.6  25   8.9  25    0.0  25   6.6  25  26.7   25   9.5  25   22.9   83.4 26/02/2018
20180227    58  34.9  25  12.8  25    0.0  25   9.6  25  26.7   25  10.1  25   18.1   68.4 27/02/2018
20180228    59  25.0  25  14.5  25    0.0  25   8.1  25  21.3   25  12.6  25   39.8   76.4 28/02/2018
20180301    60  28.0  25   8.6  25    0.0  25  10.1  25  21.8   25  11.7  25   31.0  100.0  1/03/2018
20180302    61  30.9  25  14.3  25    0.0  25   5.8  25  18.7   25  12.0  25   26.9   73.7  2/03/2018
20180303    62  27.1  25  13.5  25    0.0  25   7.4  25  22.4   25  16.3  25   45.5  100.0  3/03/2018
20180304    63  24.6  25  12.2  25    0.0  25   6.9  25  20.8   25  14.4  25   46.6  100.0  4/03/2018
20180305    64  23.5  25   8.0  25    0.0  25   6.3  25  24.7   25  10.1  25   34.9   94.2  5/03/2018
20180306    65  25.6  25  11.0  25    0.0  25   8.1  25  23.9   25  10.0  25   30.5   76.2  6/03/2018
20180307    66  31.8  25  13.6  25    0.0  25  11.1  25  23.4   25  11.5  25   24.5   73.9  7/03/2018
20180308    67  32.2  25  17.6  25    0.0  25  11.3  25  24.3   25   8.8  25   18.3   43.7  8/03/2018
20180309    68  32.8  25  16.2  25    0.0  25  11.1  25  23.1   25   8.5  25   17.1   46.2  9/03/2018
20180310    69  34.7  25  15.6  25    0.0  25   9.0  25  23.7   25   9.7  25   17.5   54.8 10/03/2018
20180311    70  33.1  25  16.7  25    0.0  25   9.3  25  24.6   25  12.3  25   24.3   64.7 11/03/2018
20180312    71  26.1  25  10.1  25    0.0  25   6.7  25  23.9   25  10.4  25   30.8   84.2 12/03/2018
20180313    72  24.4  25   9.4  25    0.0  25   5.7  25  23.3   25  11.0  25   36.0   93.3 13/03/2018
20180314    73  26.3  25   9.3  25    0.0  25   6.8  25  23.6   25  11.8  25   34.5  100.0 14/03/2018
20180315    74  26.1  25   8.7  25    0.0  25   6.7  25  20.9   25  12.4  25   36.7  100.0 15/03/2018
20180316    75  27.6  25  12.1  25    0.0  25   4.8  25  11.8   25  10.8  25   29.3   76.6 16/03/2018
20180317    76  33.9  25  15.1  25    2.9  25   7.0  25  14.1   25  10.6  25   20.0   61.8 17/03/2018
20180318    77  20.8  25  13.4  25    1.4  25   6.5  25  21.2   25  12.7  25   51.7   82.7 18/03/2018
20180319    78  23.0  25   8.2  25    0.0  25   5.2  25  14.9   25  12.3  25   43.8  100.0 19/03/2018
20180320    79  21.4  25  12.2  25    1.3  25   5.2  25  18.8   25  14.7  25   57.7  100.0 20/03/2018
20180321    80  23.5  25   7.9  25    0.0  25   5.3  25  21.4   25   8.3  25   28.7   78.0 21/03/2018
20180322    81  30.5  25   9.4  25    0.0  25   7.5  25  20.2   25  11.0  25   25.2   93.3 22/03/2018
20180323    82  31.4  25  16.7  25    0.0  25   6.4  25  20.2   25  14.6  25   31.8   76.8 23/03/2018
20180324    83  33.7  25  17.1  25    0.0  25  10.9  25  17.4   25  13.1  25   25.0   67.2 24/03/2018
20180325    84  20.1  25  14.1  25    2.0  25   5.8  25  14.9   25  15.6  25   66.3   97.0 25/03/2018
20180326    85  18.6  25   8.0  25    2.0  25   5.0  25  16.3   25   9.5  25   44.4   88.6 26/03/2018
20180327    86  27.7  25   7.4  25    0.0  25   6.4  25  21.5   25   8.4  25   22.6   81.6 27/03/2018
20180328    87  25.5  25  11.7  25    0.0  25   6.5  25  17.9   25  13.1  25   40.2   95.3 28/03/2018
20180329    88  24.4  25   9.7  25    0.0  25   5.6  25  20.1   25  13.0  25   42.5  100.0 29/03/2018
20180330    89  23.3  25   8.0  25    0.0  25   3.8  25  18.6   25  13.7  25   47.9  100.0 30/03/2018
20180331    90  27.5  25   9.0  25    0.0  25   5.5  25  21.1   25  11.6  25   31.6  100.0 31/03/2018
